10 0 0
10 0 0
10 0 0
10 0 0
10 0 0
10 0 0
10 0 0
10 0 0
10 0 0
10 0 0
10 0 0
10 0 0
10 0 0
10 0 0
10 0 0
10 0 0
10 0 0
10 0 0
10 0 0
10 0 0
10 0 0
10 0 0
10 0 0
-2.59817 9.65658 0
-8.81372 -4.72423 0
-8.81372 -4.72423 0
6.60317 -7.50987 0
5.81322 8.13673 0
-9.24472 3.8125 0
-1.61238 -9.86915 0
9.97739 0.672088 0
-2.92139 9.56376 0
-2.92139 9.56376 0
-8.6499 -5.01789 0
6.85194 -7.28361 0
5.53634 8.3276 0
-9.36768 3.49951 0
-1.27964 -9.91779 0
9.94915 1.00716 0
9.94915 1.00716 0
-3.24128 9.46013 0
-8.47628 -5.3059 0
7.09297 -7.0491 0
5.25322 8.50904 0
-9.48004 3.18257 0
-0.945462 -9.9552 0
9.90966 1.34114 0
9.90966 1.34114 0
-8.2931 -5.58789 0
7.32596 -6.80664 0
4.96416 8.68085 0
-9.5817 2.862 0
-0.610181 -9.98137 0
9.85897 1.67356 0
-3.8698 9.22088 0
-8.10054 -5.86356 0
7.55069 -6.55645 0
4.66949 8.84284 0
-9.67251 2.53823 0
9.79712 2.00408 0
-4.17763 9.08556 0
-7.89882 -6.1326 0
7.76686 -6.29888 0
4.36947 8.99487 0
4.36947 8.99487 0
-9.75238 2.21159 0
0.0620351 -9.99981 0
9.72421 2.33235 0
-4.48074 8.93997 0
-4.48074 8.93997 0
-7.68811 -6.39476 0
7.97425 -6.03419 0
4.06458 9.13669 0
-9.82122 1.88245 0
0.398209 -9.99207 0
9.64027 2.65804 0
9.64027 2.65804 0
-4.77878 8.78426 0
-7.46876 -6.64963 0
8.17262 -5.76267 0
3.7551 9.26818 0
-9.87897 1.55111 0
0.733932 -9.97303 0
0.733932 -9.97303 0
9.54545 2.98066 0
-5.07142 8.61863 0
-7.24097 -6.89698 0
8.36179 -5.48457 0
3.44136 9.3892 0
3.44136 9.3892 0
-9.92554 1.21809 0
1.06883 -9.94272 0
9.43984 3.29991 0
-5.35839 8.4432 0
-7.00494 -7.13659 0
8.54142 -5.2004 0
8.54142 -5.2004 0
3.12374 9.49959 0
-9.96088 0.883687 0
1.40259 -9.90115 0
9.32353 3.6155 0
-5.63917 8.25832 0
8.71147 -4.91022 0
2.80251 9.59927 0
-9.98496 0.548211 0
1.73461 -9.84841 0
9.19673 3.92685 0
-5.9137 8.06401 0
-6.50949 -7.59122 0
8.87167 -4.61448 0
2.47826 9.68805 0
-9.99775 0.212268 0
2.06482 -9.7845 0
2.06482 -9.7845 0
9.05947 4.23391 0
-6.18154 7.86057 0
-6.25064 -7.80574 0
9.02177 -4.31366 0
2.15105 9.76591 0
2.15105 9.76591 0
-9.99923 -0.124068 0
2.3927 -9.70953 0
8.91203 4.53604 0
-6.44227 7.64834 0
-5.9846 -8.01153 0
-5.9846 -8.01153 0
9.16173 -4.00783 0
1.82142 9.83272 0
-9.98941 -0.460111 0
2.71772 -9.62362 0
8.75445 4.83318 0
-6.69583 7.42737 0
-6.69583 7.42737 0
-5.71179 -8.20825 0
9.29127 -3.6976 0
1.48987 9.88839 0
-9.96829 -0.795786 0
3.03982 -9.52678 0
8.58696 5.12485 0
8.58696 5.12485 0
-6.94171 7.1981 0
-5.43266 -8.39561 0
9.41036 -3.38305 0
1.15649 9.9329 0
1.15649 9.9329 0
-9.93589 -1.13056 0
3.35833 -9.41921 0
8.40984 5.4106 0
-7.17985 6.96059 0
-5.14725 -8.57356 0
9.51881 -3.06467 0
0.821953 9.96616 0
3.67319 -9.30095 0
8.22313 5.69035 0
-7.40987 6.7152 0
-4.85615 -8.74173 0
9.61645 -2.74298 0
0.486335 9.98817 0
-9.83744 -1.79575 0
3.9839 -9.17216 0
8.02721 5.96355 0
-7.6314 6.46233 0
-7.6314 6.46233 0
-4.55942 -8.90009 0
9.70325 -2.41803 0
0.150166 9.99887 0
-9.77152 -2.12541 0
-9.77152 -2.12541 0
4.28996 -9.03306 0
7.82212 6.23012 0
-7.84441 6.20203 0
-4.25754 -9.04839 0
9.77905 -2.0905 0
9.77905 -2.0905 0
-0.186172 9.99827 0
-9.69452 -2.45281 0
4.59117 -8.88376 0
7.60818 6.48965 0
-8.04845 5.93485 0
-8.04845 5.93485 0
-3.95084 -9.18645 0
9.84382 -1.76046 0
-0.521995 9.98637 0
-9.60655 -2.77744 0
4.88733 -8.72433 0
7.38564 6.74184 0
7.38564 6.74184 0
-8.24348 5.66083 0
-3.63996 -9.314 0
9.89745 -1.42842 0
-0.857533 9.96316 0
-9.50771 -3.09893 0
5.17796 -8.55504 0
5.17796 -8.55504 0
7.15495 6.98618 0
-8.42919 5.3804 0
9.93989 -1.09477 0
-1.1921 9.92869 0
-9.39823 -3.41663 0
5.46273 -8.37607 0
6.91597 7.22284 0
-8.60536 5.09389 0
-3.00564 -9.53762 0
9.97106 -0.760188 0
-1.52532 9.88299 0
-9.27801 -3.73075 0
5.74132 -8.18763 0
6.66916 7.45133 0
-8.77165 4.80189 0
-2.6832 -9.6333 0
-2.6832 -9.6333 0
9.99099 -0.42444 0
-1.85681 9.8261 0
-9.1473 -4.04065 0
6.01317 -7.99011 0
6.4148 7.6714 0
6.4148 7.6714 0
-8.92817 4.50419 0
-2.35772 -9.71808 0
9.99961 -0.0882117 0
-2.18591 9.75817 0
-9.00624 -4.34598 0
-9.00624 -4.34598 0
6.27847 -7.78337 0
6.15319 7.88278 0
-9.07459 4.2014 0
-2.02987 -9.79181 0
9.99692 0.248117 0
9.99692 0.248117 0
-2.51283 9.67914 0
-8.855 -4.6464 0
6.53666 -7.56783 0
5.88487 8.08507 0
-9.21075 3.89385 0
-1.69943 -9.85454 0
9.98292 0.584164 0
9.98292 0.584164 0
-2.83691 9.58916 0
-1.22758 5.26172 8.41471
-4.84521 -2.39095 8.41471
3.42926 -4.17526 8.41471
3.28694 4.28821 8.41471
-4.92286 2.22669 8.41471
-1.04997 -5.30002 8.41471
5.39997 0.181668 8.41471
-1.4038 5.21747 8.41471
-4.76207 -2.55251 8.41471
3.56771 -4.0576 8.41471
3.1409 4.3963 8.41471
-4.99494 2.0599 8.41471
-0.871174 -5.33233 8.41471
5.39081 0.363131 8.41471
-4.67356 -2.71118 8.41471
3.70212 -3.93535 8.41471
2.9913 4.49942 8.41471
2.9913 4.49942 8.41471
-5.06138 1.89079 8.41471
-0.691391 -5.3586 8.41471
5.37555 0.544173 8.41471
-1.75127 5.11133 8.41471
-1.75127 5.11133 8.41471
-4.57975 -2.86679 8.41471
3.83235 -3.80865 8.41471
2.83833 4.59745 8.41471
-5.12209 1.71955 8.41471
-0.510835 -5.37882 8.41471
-0.510835 -5.37882 8.41471
5.35421 0.72462 8.41471
-1.92215 5.04955 8.41471
-4.48078 -3.01915 8.41471
3.95823 -3.67764 8.41471
3.95823 -3.67764 8.41471
2.68215 4.69028 8.41471
-5.17701 1.54635 8.41471
-0.329682 -5.39295 8.41471
5.32682 0.904227 8.41471
-2.09086 4.98206 8.41471
-2.09086 4.98206 8.41471
-4.37674 -3.16809 8.41471
4.07966 -3.54247 8.41471
2.52294 4.77781 8.41471
-5.22608 1.37141 8.41471
-0.148156 -5.40099 8.41471
5.29341 1.08281 8.41471
-2.25718 4.90895 8.41471
-2.25718 4.90895 8.41471
-4.26775 -3.31346 8.41471
4.19645 -3.4033 8.41471
2.36084 4.85995 8.41471
-5.26923 1.19493 8.41471
0.0335177 -5.40292 8.41471
5.25401 1.26017 8.41471
-2.42095 4.83028 8.41471
-4.1539 -3.4551 8.41471
4.3085 -3.26028 8.41471
2.1961 4.93658 8.41471
-5.30643 1.01709 8.41471
0.215153 -5.39874 8.41471
5.20866 1.43615 8.41471
-2.58198 4.74616 8.41471
4.41568 -3.11358 8.41471
2.02889 5.00762 8.41471
2.02889 5.00762 8.41471
-5.33763 0.838068 8.41471
0.396545 -5.38845 8.41471
5.15743 1.61046 8.41471
-2.7401 4.65666 8.41471
-3.91231 -3.72645 8.41471
-3.91231 -3.72645 8.41471
4.51789 -2.96333 8.41471
1.85938 5.073 8.41471
-5.36279 0.658135 8.41471
0.577489 -5.37207 8.41471
5.10037 1.78295 8.41471
5.10037 1.78295 8.41471
-2.89515 4.56188 8.41471
-3.78478 -3.85591 8.41471
4.61495 -2.80979 8.41471
1.68776 5.13265 8.41471
1.68776 5.13265 8.41471
-5.38189 0.477458 8.41471
0.757821 -5.34961 8.41471
5.03752 1.95346 8.41471
-3.04685 4.46199 8.41471
-3.65303 -3.98096 8.41471
4.70683 -2.653 8.41471
1.5142 5.18651 8.41471
1.5142 5.18651 8.41471
-5.3949 0.2962 8.41471
0.937214 -5.32112 8.41471
4.96901 2.12169 8.41471
-3.19518 4.357 8.41471
-3.51709 -4.10155 8.41471
4.79339 -2.49321 8.41471
4.79339 -2.49321 8.41471
1.33901 5.23447 8.41471
-5.40181 0.114689 8.41471
1.11563 -5.28659 8.41471
4.89485 2.28759 8.41471
-3.3399 4.24708 8.41471
-3.37723 -4.21746 8.41471
4.87448 -2.33068 8.41471
1.16222 5.27654 8.41471
-5.40261 -0.0670341 8.41471
1.29278 -5.24608 8.41471
4.81519 2.45083 8.41471
-3.48077 4.13242 8.41471
-3.23349 -4.32865 8.41471
0.984116 5.31264 8.41471
-5.3973 -0.248599 8.41471
1.46839 -5.19966 8.41471
4.73005 2.61138 8.41471
-3.61777 4.01302 8.41471
-3.0861 -4.43494 8.41471
5.0201 -1.99782 8.41471
0.804981 5.34272 8.41471
-5.38589 -0.429965 8.41471
1.64242 -5.14734 8.41471
4.63955 2.76897 8.41471
-3.75062 3.88915 8.41471
-2.93528 -4.53617 8.41471
5.08444 -1.82787 8.41471
0.624854 5.36677 8.41471
-5.36838 -0.610845 8.41471
1.81451 -5.08922 8.41471
4.54386 2.92336 8.41471
-3.87929 3.76082 8.41471
-2.78107 -4.63231 8.41471
0.444103 5.38474 8.41471
-5.34482 -0.790952 8.41471
1.98463 -5.02532 8.41471
4.44298 3.07451 8.41471
-4.00357 3.62824 8.41471
-2.62379 -4.72318 8.41471
5.19579 -1.48204 8.41471
0.262768 5.39663 8.41471
-5.31519 -0.970246 8.41471
2.15251 -4.95574 8.41471
4.33712 3.22212 8.41471
-4.12327 3.49161 8.41471
5.24269 -1.30647 8.41471
0.0811352 5.40241 8.41471
0.0811352 5.40241 8.41471
-5.27958 -1.14836 8.41471
2.31787 -4.88058 8.41471
4.22631 3.36615 8.41471
-4.23835 3.35097 8.41471
-2.30036 -4.88886 8.41471
5.28364 -1.1295 8.41471
-0.100589 5.40209 8.41471
-0.100589 5.40209 8.41471
-5.23797 -1.32526 8.41471
2.48062 -4.79991 8.41471
4.11072 3.50637 8.41471
-4.3486 3.20661 8.41471
-2.13465 -4.96346 8.41471
-2.13465 -4.96346 8.41471
5.31864 -0.95118 8.41471
-0.282035 5.39566 8.41471
-5.19044 -1.50066 8.41471
2.64063 -4.71378 8.41471
3.99048 3.64263 8.41471
-4.45397 3.05856 8.41471
-4.45397 3.05856 8.41471
-1.96668 -5.03238 8.41471
5.34762 -0.771781 8.41471
-0.463327 5.38312 8.41471
-5.13704 -1.67436 8.41471
2.79766 -4.62231 8.41471
3.86584 3.77465 8.41471
3.86584 3.77465 8.41471
-4.55431 2.90704 8.41471
-1.79633 -5.09567 8.41471
5.37055 -0.591509 8.41471
-0.644095 5.36449 8.41471
-5.07788 -1.84601 8.41471
-5.07788 -1.84601 8.41471
2.95152 -4.52561 8.41471
3.73671 3.90252 8.41471
-4.6495 2.75224 8.41471
-1.62395 -5.1532 8.41471
5.38739 -0.410732 8.41471
-0.824134 5.3398 8.41471
-5.01293 -2.01573 8.41471
3.10205 -4.4238 8.41471
3.60336 4.02597 8.41471
-4.73934 2.59447 8.41471
-1.44974 -5.20489 8.41471
5.39815 -0.229326 8.41471
-4.94231 -2.18317 8.41471
3.24893 -4.31707 8.41471
3.46593 4.14487 8.41471
-4.82391 2.43362 8.41471
-4.82391 2.43362 8.41471
-1.27388 -5.2507 8.41471
5.40281 -0.047661 8.41471
-1.18105 5.27236 8.41471
-4.86609 -2.34814 8.41471
-4.86609 -2.34814 8.41471
3.39227 -4.20537 8.41471
3.32458 4.25908 8.41471
-4.90302 2.27002 8.41471
-1.09675 -5.29054 8.41471
5.40136 0.134058 8.41471
5.40136 0.134058 8.41471
-1.35769 5.22966 8.41471
-4.78438 -2.51046 8.41471
3.53177 -4.08891 8.41471
3.17961 4.36838 8.41471
-4.97659 2.10386 8.41471
-0.918208 -5.32443 8.41471
-0.918208 -5.32443 8.41471
5.3938 0.315625 8.41471
-1.53279 5.18104 8.41471
0.945494 -4.05264 9.09297
3.73183 1.84153 9.09297
-2.64125 3.21583 9.09297
-2.53164 -3.30282 9.09297
-2.53164 -3.30282 9.09297
3.79164 -1.71502 9.09297
0.808697 4.08214 9.09297
-4.15912 -0.139923 9.09297
1.08122 -4.01855 9.09297
3.6678 1.96597 9.09297
-2.74789 3.12521 9.09297
-2.74789 3.12521 9.09297
-2.41915 -3.38608 9.09297
3.84716 -1.58656 9.09297
0.670988 4.10702 9.09297
-4.15206 -0.279687 9.09297
1.21573 -3.97993 9.09297
3.59963 2.08818 9.09297
-2.85141 3.03105 9.09297
3.89833 -1.45631 9.09297
0.532517 4.12726 9.09297
-4.14031 -0.419128 9.09297
1.34885 -3.9368 9.09297
3.52738 2.20804 9.09297
-2.95172 2.93346 9.09297
-2.18611 -3.54101 9.09297
3.94509 -1.32442 9.09297
3.94509 -1.32442 9.09297
0.393451 4.14283 9.09297
-4.12387 -0.55811 9.09297
1.48046 -3.88922 9.09297
3.45115 2.32538 9.09297
3.45115 2.32538 9.09297
-3.04867 2.83256 9.09297
-2.06582 -3.61251 9.09297
3.98739 -1.19101 9.09297
0.253925 4.15371 9.09297
-4.10278 -0.696445 9.09297
-4.10278 -0.696445 9.09297
1.6104 -3.83724 9.09297
3.37101 2.4401 9.09297
-3.1422 2.72845 9.09297
-1.94319 -3.67992 9.09297
-1.94319 -3.67992 9.09297
4.02518 -1.05628 9.09297
0.114111 4.1599 9.09297
-4.07704 -0.833993 9.09297
1.73851 -3.78093 9.09297
3.28707 2.55206 9.09297
3.28707 2.55206 9.09297
-3.23215 2.62126 9.09297
-1.81834 -3.74319 9.09297
4.05842 -0.920348 9.09297
-0.0258157 4.16139 9.09297
-4.0467 -0.970598 9.09297
1.86464 -3.72034 9.09297
1.86464 -3.72034 9.09297
3.19938 2.66116 9.09297
-3.31846 2.51111 9.09297
-1.69146 -3.80221 9.09297
4.08707 -0.783377 9.09297
-0.165713 4.15817 9.09297
-4.01177 -1.10614 9.09297
1.98867 -3.65554 9.09297
3.1081 2.76722 9.09297
-3.40101 2.39812 9.09297
-1.56267 -3.85693 9.09297
4.1111 -0.64549 9.09297
-0.305424 4.15025 9.09297
2.11045 -3.58661 9.09297
2.11045 -3.58661 9.09297
-3.47973 2.28239 9.09297
-1.43211 -3.90728 9.09297
4.13048 -0.506903 9.09297
-0.444788 4.13763 9.09297
-3.92836 -1.37325 9.09297
-3.92836 -1.37325 9.09297
2.22988 -3.51361 9.09297
2.91508 2.96987 9.09297
-3.55449 2.16413 9.09297
-1.29993 -3.95323 9.09297
-1.29993 -3.95323 9.09297
4.14519 -0.367743 9.09297
-0.583682 4.12033 9.09297
-3.87996 -1.50458 9.09297
2.34672 -3.43667 9.09297
2.34672 -3.43667 9.09297
2.81361 3.06618 9.09297
-3.62525 2.04337 9.09297
-1.16625 -3.99471 9.09297
4.15521 -0.228136 9.09297
-0.721852 4.09838 9.09297
-0.721852 4.09838 9.09297
-3.82719 -1.63415 9.09297
2.46097 -3.35581 9.09297
2.7089 3.15906 9.09297
-3.69192 1.9203 9.09297
-3.69192 1.9203 9.09297
-1.03132 -4.03165 9.09297
4.16053 -0.0883346 9.09297
-0.859269 4.07179 9.09297
-3.77007 -1.76193 9.09297
2.57243 -3.27115 9.09297
2.60118 3.24833 9.09297
2.60118 3.24833 9.09297
-3.75438 1.79512 9.09297
-0.895154 -4.06405 9.09297
4.16115 0.0516304 9.09297
-0.995714 4.04059 9.09297
-3.70871 -1.88766 9.09297
2.68093 -3.18283 9.09297
2.49047 3.33397 9.09297
-3.81263 1.66784 9.09297
-0.757977 -4.09186 9.09297
4.15706 0.191474 9.09297
-1.13097 4.00484 9.09297
-3.64314 -2.01131 9.09297
2.78645 -3.09088 9.09297
2.37695 3.41584 9.09297
-3.86653 1.53874 9.09297
-0.620005 -4.11502 9.09297
4.14827 0.331164 9.09297
-1.26501 3.96454 9.09297
-3.57344 -2.13269 9.09297
2.88877 -2.99547 9.09297
2.26078 3.49381 9.09297
2.26078 3.49381 9.09297
-3.91609 1.40785 9.09297
-0.48127 -4.13355 9.09297
4.13479 0.470479 9.09297
-1.39756 3.91978 9.09297
-1.39756 3.91978 9.09297
-3.49973 -2.2516 9.09297
2.98787 -2.89663 9.09297
2.14201 3.56786 9.09297
-3.96122 1.27535 9.09297
-0.342053 -4.14739 9.09297
-0.342053 -4.14739 9.09297
4.11664 0.6092 9.09297
-1.52859 3.87056 9.09297
-3.42203 -2.36802 9.09297
3.08359 -2.79451 9.09297
3.08359 -2.79451 9.09297
2.02087 3.63784 9.09297
-4.00185 1.14148 9.09297
-0.202387 -4.15654 9.09297
4.09382 0.747294 9.09297
-1.65789 3.81697 9.09297
-3.3405 -2.48171 9.09297
3.17578 -2.68928 9.09297
1.89739 3.70375 9.09297
1.89739 3.70375 9.09297
-4.03798 1.00626 9.09297
-0.0624913 -4.161 9.09297
4.06639 0.884481 9.09297
-1.78525 3.75908 9.09297
-3.25515 -2.59265 9.09297
-3.25515 -2.59265 9.09297
1.77176 3.76546 9.09297
-4.06952 0.869956 9.09297
0.0774749 -4.16075 9.09297
4.03434 1.02073 9.09297
-1.9106 3.69695 9.09297
-3.16612 -2.70065 9.09297
3.34934 -2.46977 9.09297
1.64413 3.82291 9.09297
-4.09647 0.73261 9.09297
3.99774 1.15582 9.09297
3.99774 1.15582 9.09297
-2.03385 3.6306 9.09297
-3.07351 -2.80559 9.09297
3.4305 -2.35574 9.09297
1.51476 3.87599 9.09297
-4.11879 0.594434 9.09297
0.35686 -4.14614 9.09297
0.35686 -4.14614 9.09297
3.95661 1.28961 9.09297
-2.15479 3.56015 9.09297
-2.97751 -2.90728 9.09297
3.50778 -2.23904 9.09297
3.50778 -2.23904 9.09297
1.38356 3.92474 9.09297
-4.13646 0.455587 9.09297
0.496089 -4.13179 9.09297
3.91104 1.42182 9.09297
3.91104 1.42182 9.09297
-2.2733 3.48568 9.09297
-2.87806 -3.00576 9.09297
3.58109 -2.11981 9.09297
1.25079 3.96905 9.09297
-4.14943 0.31635 9.09297
0.634757 -4.11277 9.09297
0.634757 -4.11277 9.09297
3.86102 1.55254 9.09297
-2.38923 3.40726 9.09297
-2.77535 -3.10085 9.09297
3.65029 -1.99829 9.09297
1.1166 4.00887 9.09297
-4.15772 0.176629 9.09297
0.772707 -4.0891 9.09297
0.772707 -4.0891 9.09297
3.80662 1.6815 9.09297
-2.50236 3.32506 9.09297
-2.6695 -3.19243 9.09297
3.71543 -1.87441 9.09297
0.981157 4.04415 9.09297
-4.16131 0.036709 9.09297
0.909659 -4.06083 9.09297
3.74792 1.80857 9.09297
-2.61276 3.23902 9.09297
-2.56063 -3.28039 9.09297
3.77636 -1.7484 9.09297
0.844725 4.07483 9.09297
-4.16019 -0.103253 9.09297
1.04571 -4.02794 9.09297
3.68498 1.93358 9.09297
-2.72021 3.14933 9.09297
-2.44897 -3.36458 9.09297
3.83302 -1.62041 9.09297
0.707214 4.10093 9.09297
-4.15436 -0.243098 9.09297
1.18057 -3.9905 9.09297
2.24928 -9.64102 1.4112
2.24928 -9.64102 1.4112
8.87784 4.38092 1.4112
-6.28341 7.65031 1.4112
-6.02263 -7.85725 1.4112
-6.02263 -7.85725 1.4112
9.02012 -4.07994 1.4112
1.92385 9.7112 1.4112
-9.89433 -0.332869 1.4112
2.57217 -9.55994 1.4112
8.72552 4.67695 1.4112
-6.53709 7.43472 1.4112
-6.53709 7.43472 1.4112
-5.75505 -8.0553 1.4112
9.1522 -3.77435 1.4112
1.59625 9.77039 1.4112
-9.87754 -0.665362 1.4112
-9.87754 -0.665362 1.4112
2.89215 -9.46805 1.4112
8.56334 4.96767 1.4112
-6.78337 7.21071 1.4112
-6.78337 7.21071 1.4112
-5.48093 -8.24426 1.4112
9.27393 -3.46449 1.4112
1.26683 9.81854 1.4112
-9.84959 -0.997084 1.4112
-9.84959 -0.997084 1.4112
3.20885 -9.36546 1.4112
8.39146 5.25281 1.4112
-7.02198 6.97856 1.4112
-5.20065 -8.42388 1.4112
9.38517 -3.15072 1.4112
0.936001 9.85558 1.4112
-9.81049 -1.32772 1.4112
3.52195 -9.25226 1.4112
8.2101 5.53197 1.4112
-7.25264 6.73852 1.4112
-4.91448 -8.59397 1.4112
9.48581 -2.83336 1.4112
0.604074 9.88148 1.4112
-9.7603 -1.65681 1.4112
8.01947 5.80488 1.4112
8.01947 5.80488 1.4112
-7.47513 6.49084 1.4112
-4.62276 -8.75435 1.4112
9.57571 -2.51283 1.4112
0.271465 9.8962 1.4112
-9.69908 -1.98403 1.4112
-9.69908 -1.98403 1.4112
4.13582 -8.99464 1.4112
7.81977 6.07122 1.4112
-7.68913 6.23584 1.4112
-4.32575 -8.90485 1.4112
-4.32575 -8.90485 1.4112
9.65478 -2.18946 1.4112
-0.0614143 9.89973 1.4112
-9.62689 -2.309 1.4112
4.4359 -8.8505 1.4112
7.61117 6.33076 1.4112
7.61117 6.33076 1.4112
-7.89444 5.9738 1.4112
-4.02391 -9.04526 1.4112
9.72293 -1.86362 1.4112
-0.394224 9.89207 1.4112
-9.54379 -2.63144 1.4112
4.73095 -8.69635 1.4112
4.73095 -8.69635 1.4112
7.39402 6.58308 1.4112
-8.09083 5.705 1.4112
-3.71752 -9.17543 1.4112
9.78011 -1.53559 1.4112
-0.726587 9.87323 1.4112
-9.44993 -2.95083 1.4112
5.02066 -8.53238 1.4112
5.02066 -8.53238 1.4112
7.16851 6.82796 1.4112
-8.27811 5.42968 1.4112
-3.40692 -9.29523 1.4112
9.82621 -1.2059 1.4112
-1.05813 9.84321 1.4112
-9.34537 -3.26688 1.4112
5.30476 -8.35871 1.4112
6.93483 7.06517 1.4112
-8.45594 5.14836 1.4112
-3.09248 -9.40453 1.4112
9.8612 -0.874843 1.4112
-1.38855 9.80206 1.4112
-9.23022 -3.57931 1.4112
5.58273 -8.17567 1.4112
6.69343 7.29428 1.4112
-8.62429 4.86108 1.4112
-2.77446 -9.5032 1.4112
9.88504 -0.542725 1.4112
-1.71725 9.74985 1.4112
-9.10469 -3.88755 1.4112
-9.10469 -3.88755 1.4112
5.85452 -7.98331 1.4112
6.44434 7.51525 1.4112
-8.78289 4.5683 1.4112
-2.45345 -9.59109 1.4112
9.89769 -0.210144 1.4112
-2.04416 9.68659 1.4112
-2.04416 9.68659 1.4112
-8.96881 -4.19154 1.4112
6.11968 -7.78191 1.4112
6.18808 7.72762 1.4112
-8.93149 4.27049 1.4112
-2.12953 -9.66818 1.4112
-2.12953 -9.66818 1.4112
9.89916 0.122826 1.4112
-2.36875 9.61236 1.4112
-8.82285 -4.49065 1.4112
6.3778 -7.5718 1.4112
5.92471 7.93135 1.4112
5.92471 7.93135 1.4112
-9.07005 3.96772 1.4112
-1.80319 -9.73432 1.4112
9.88944 0.455506 1.4112
-2.69052 9.52731 1.4112
-8.66684 -4.78481 1.4112
6.62882 -7.35304 1.4112
6.62882 -7.35304 1.4112
5.65463 8.12611 1.4112
-9.19829 3.6606 1.4112
-1.47496 -9.78943 1.4112
9.86853 0.787822 1.4112
-3.0094 9.43144 1.4112
-8.50103 -5.07356 1.4112
6.87224 -7.12607 1.4112
5.37829 8.31159 1.4112
-9.31619 3.34919 1.4112
-1.14492 -9.8335 1.4112
9.83645 1.11925 1.4112
-3.32472 9.32495 1.4112
-8.32568 -5.35645 1.4112
5.09573 8.48776 1.4112
-9.42355 3.034 1.4112
-0.813728 -9.86643 1.4112
-0.813728 -9.86643 1.4112
9.79327 1.44926 1.4112
-3.63643 9.20787 1.4112
-8.14084 -5.63341 1.4112
7.33571 -6.64799 1.4112
4.80755 8.65425 1.4112
4.80755 8.65425 1.4112
-9.52021 2.71553 1.4112
-0.481468 -9.88821 1.4112
9.739 1.77778 1.4112
-3.94403 9.08037 1.4112
-3.94403 9.08037 1.4112
-7.94688 -5.90387 1.4112
7.55503 -6.39765 1.4112
4.51379 8.81103 1.4112
-9.60615 2.39384 1.4112
-0.148664 -9.89881 1.4112
9.67373 2.10414 1.4112
9.67373 2.10414 1.4112
-4.24703 8.94267 1.4112
-7.74384 -6.16777 1.4112
7.76591 -6.13997 1.4112
4.21493 8.95784 1.4112
4.21493 8.95784 1.4112
-9.68119 2.06958 1.4112
0.184309 -9.89821 1.4112
9.5975 2.42827 1.4112
-4.54523 8.79485 1.4112
-7.53204 -6.4247 1.4112
-7.53204 -6.4247 1.4112
7.96791 -5.87545 1.4112
3.91131 9.09451 1.4112
-9.74531 1.74284 1.4112
0.516771 -9.88643 1.4112
0.516771 -9.88643 1.4112
9.51041 2.74965 1.4112
-4.83842 8.63703 1.4112
-7.31173 -6.67437 1.4112
8.16099 -5.60418 1.4112
3.60353 9.22079 1.4112
-9.79841 1.41413 1.4112
0.848951 -9.86346 1.4112
-5.12614 8.46943 1.4112
-7.08335 -6.91626 1.4112
8.34484 -5.32656 1.4112
3.29141 9.33676 1.4112
-9.84042 1.08382 1.4112
1.18017 -9.82933 1.4112
9.30417 3.38244 1.4112
-5.40806 8.29225 1.4112
-6.84675 -7.15056 1.4112
-6.84675 -7.15056 1.4112
8.51924 -5.04292 1.4112
2.97556 9.44217 1.4112
-9.87128 0.752581 1.4112
1.51006 -9.78408 1.4112
9.18516 3.69342 1.4112
-5.68386 8.10569 1.4112
-6.60241 -7.37676 1.4112
-6.60241 -7.37676 1.4112
8.68387 -4.75384 1.4112
2.65634 9.53689 1.4112
-9.891 0.420193 1.4112
1.83823 -9.72777 1.4112
9.05576 4.00022 1.4112
9.05576 4.00022 1.4112
-5.95299 7.91015 1.4112
-6.35061 -7.59462 1.4112
8.83882 -4.45912 1.4112
2.33412 9.62083 1.4112
-9.89954 0.0873289 1.4112
-9.89954 0.0873289 1.4112
2.16403 -9.66051 1.4112
8.91611 4.30249 1.4112
-6.21564 7.70548 1.4112
-6.09161 -7.80389 1.4112
8.98378 -4.15935 1.4112
2.00956 9.69382 1.4112
-9.89688 -0.245634 1.4112
-9.89688 -0.245634 1.4112
2.48768 -9.58227 1.4112
8.76638 4.5999 1.4112
-6.47125 7.49209 1.4112
-5.82597 -8.00416 1.4112
9.11858 -3.85488 1.4112
1.68243 9.75592 1.4112
-9.88302 -0.578318 1.4112
2.80852 -9.49319 1.4112
1.48509 -6.36549 -7.56803
5.8616 2.89251 -7.56803
-4.14863 5.05113 -7.56803
-3.97645 -5.18776 -7.56803
5.95554 -2.69379 -7.56803
1.27022 6.41183 -7.56803
-6.53274 -0.219777 -7.56803
1.69828 -6.31196 -7.56803
5.76103 3.08796 -7.56803
-4.31612 4.90878 -7.56803
-3.79978 -5.31852 -7.56803
6.04275 -2.49202 -7.56803
6.04275 -2.49202 -7.56803
1.05392 6.45091 -7.56803
-6.52166 -0.439306 -7.56803
1.90955 -6.25129 -7.56803
5.65395 3.27991 -7.56803
5.65395 3.27991 -7.56803
-4.47873 4.76088 -7.56803
-3.61879 -5.44328 -7.56803
6.12313 -2.28743 -7.56803
0.836426 6.4827 -7.56803
-6.5032 -0.658326 -7.56803
-6.5032 -0.658326 -7.56803
2.11864 -6.18355 -7.56803
5.54047 3.46817 -7.56803
-4.63627 4.6076 -7.56803
-3.43373 -5.56188 -7.56803
6.19657 -2.08027 -7.56803
0.617995 6.50716 -7.56803
0.617995 6.50716 -7.56803
-6.47739 -0.876626 -7.56803
2.32537 -6.10882 -7.56803
5.42073 3.65249 -7.56803
-4.78857 4.44912 -7.56803
-3.24479 -5.67418 -7.56803
6.26302 -1.87073 -7.56803
6.26302 -1.87073 -7.56803
0.398841 6.52426 -7.56803
-6.44425 -1.09391 -7.56803
2.52947 -6.02717 -7.56803
5.29486 3.83268 -7.56803
-4.93546 4.28558 -7.56803
-4.93546 4.28558 -7.56803
-3.05218 -5.78007 -7.56803
6.32237 -1.6591 -7.56803
0.179235 6.53398 -7.56803
2.73068 -5.93872 -7.56803
5.16301 4.00853 -7.56803
-5.07676 4.11722 -7.56803
-2.85608 -5.87944 -7.56803
6.37458 -1.44559 -7.56803
-0.0405489 6.53631 -7.56803
-6.35616 -1.52452 -7.56803
2.9288 -5.84355 -7.56803
5.02529 4.17989 -7.56803
5.02529 4.17989 -7.56803
-5.21232 3.94421 -7.56803
-2.65679 -5.97214 -7.56803
6.41958 -1.23045 -7.56803
-0.260287 6.53125 -7.56803
-0.260287 6.53125 -7.56803
-6.3013 -1.73741 -7.56803
3.12362 -5.74178 -7.56803
4.88191 4.34649 -7.56803
-5.34198 3.76673 -7.56803
-2.45449 -6.05809 -7.56803
-2.45449 -6.05809 -7.56803
6.45733 -1.01387 -7.56803
-0.47973 6.51881 -7.56803
-6.23932 -1.94829 -7.56803
3.3149 -5.63351 -7.56803
4.73302 4.50817 -7.56803
4.73302 4.50817 -7.56803
-5.46563 3.58495 -7.56803
-2.24942 -6.13719 -7.56803
6.48776 -0.796195 -7.56803
-0.698631 6.49899 -7.56803
-6.17029 -2.15696 -7.56803
3.50247 -5.51885 -7.56803
3.50247 -5.51885 -7.56803
4.57873 4.66478 -7.56803
-5.58305 3.39921 -7.56803
-2.04181 -6.20935 -7.56803
6.51086 -0.577616 -7.56803
-0.916792 6.47182 -7.56803
-6.09426 -2.36325 -7.56803
3.686 -5.398 -7.56803
3.686 -5.398 -7.56803
4.41934 4.81606 -7.56803
-5.6942 3.20953 -7.56803
-1.83184 -6.2745 -7.56803
6.52661 -0.358335 -7.56803
-1.13382 6.43735 -7.56803
-6.01138 -2.56676 -7.56803
4.25488 4.96195 -7.56803
-5.79891 3.01622 -7.56803
-5.79891 3.01622 -7.56803
6.53496 -0.138748 -7.56803
-1.34966 6.39558 -7.56803
-5.92167 -2.76747 -7.56803
4.04052 -5.13801 -7.56803
4.08569 5.10217 -7.56803
-5.89702 2.8196 -7.56803
-5.89702 2.8196 -7.56803
-1.40602 -6.38342 -7.56803
6.53593 0.0810962 -7.56803
-1.56397 6.34657 -7.56803
-5.82529 -2.96495 -7.56803
4.21095 -4.99929 -7.56803
3.9118 5.23668 -7.56803
3.9118 5.23668 -7.56803
-5.98851 2.61969 -7.56803
-1.19056 -6.4271 -7.56803
6.52951 0.300749 -7.56803
6.52951 0.300749 -7.56803
-1.77642 6.29042 -7.56803
-5.72229 -3.15918 -7.56803
4.37669 -4.85485 -7.56803
3.73348 5.36527 -7.56803
-6.07318 2.41691 -7.56803
-6.07318 2.41691 -7.56803
-0.973845 -6.46348 -7.56803
6.51571 0.52016 -7.56803
-1.98696 6.22712 -7.56803
-5.61281 -3.34983 -7.56803
-5.61281 -3.34983 -7.56803
4.53741 -4.70499 -7.56803
3.55102 5.48774 -7.56803
-6.15102 2.21131 -7.56803
-0.755933 -6.49258 -7.56803
6.49453 0.738984 -7.56803
-2.19515 6.15681 -7.56803
-2.19515 6.15681 -7.56803
-5.49704 -3.5366 -7.56803
4.69306 -4.54974 -7.56803
3.36446 5.60405 -7.56803
-6.22191 2.0032 -7.56803
-0.537265 -6.51432 -7.56803
6.46602 0.956873 -7.56803
6.46602 0.956873 -7.56803
-2.40096 6.07951 -7.56803
-5.375 -3.71946 -7.56803
4.84341 -4.38934 -7.56803
3.17419 5.71398 -7.56803
-6.28573 1.79293 -7.56803
-6.28573 1.79293 -7.56803
-0.31789 -6.5287 -7.56803
6.43018 1.17378 -7.56803
-2.60405 5.99533 -7.56803
-5.24693 -3.89803 -7.56803
-5.24693 -3.89803 -7.56803
4.98822 -4.22406 -7.56803
2.98024 5.81749 -7.56803
-6.34247 1.58053 -7.56803
-0.0981553 -6.5357 -7.56803
6.38709 1.38926 -7.56803
-2.8041 5.9044 -7.56803
-2.8041 5.9044 -7.56803
-5.11288 -4.07228 -7.56803
5.12745 -4.05392 -7.56803
2.78291 5.91442 -7.56803
-6.39201 1.36644 -7.56803
0.12169 -6.5353 -7.56803
6.33676 1.60326 -7.56803
6.33676 1.60326 -7.56803
-3.00099 5.80681 -7.56803
-4.97304 -4.24192 -7.56803
5.26082 -3.87928 -7.56803
2.58244 6.00466 -7.56803
-6.43435 1.15071 -7.56803
0.341199 -6.52752 -7.56803
0.341199 -6.52752 -7.56803
6.27926 1.81546 -7.56803
-3.19457 5.70261 -7.56803
-4.82758 -4.40676 -7.56803
5.3883 -3.70016 -7.56803
2.37924 6.08804 -7.56803
-6.46941 0.93368 -7.56803
0.560521 -6.51236 -7.56803
6.21466 2.0256 -7.56803
-4.67679 -4.56647 -7.56803
-4.67679 -4.56647 -7.56803
5.50969 -3.51687 -7.56803
2.17316 6.16461 -7.56803
-6.49715 0.715592 -7.56803
-6.49715 0.715592 -7.56803
0.779209 -6.48983 -7.56803
6.14309 2.23326 -7.56803
-3.57068 5.47497 -7.56803
-4.52058 -4.72116 -7.56803
5.62484 -3.32959 -7.56803
5.62484 -3.32959 -7.56803
1.96462 6.2342 -7.56803
-6.51752 0.496892 -7.56803
0.997016 -6.45995 -7.56803
0.997016 -6.45995 -7.56803
6.06451 2.43858 -7.56803
-3.75277 5.35179 -7.56803
-4.35925 -4.87052 -7.56803
5.73353 -3.13873 -7.56803
1.75385 6.29674 -7.56803
-6.53055 0.277433 -7.56803
-6.53055 0.277433 -7.56803
1.21369 -6.42277 -7.56803
5.97908 2.64115 -7.56803
-3.93047 5.22268 -7.56803
-4.19299 -5.01436 -7.56803
5.83584 -2.94414 -7.56803
1.54111 6.35216 -7.56803
-6.53618 0.057659 -7.56803
-6.53618 0.057659 -7.56803
1.42881 -6.37836 -7.56803
5.88687 2.84072 -7.56803
-4.10388 5.08755 -7.56803
-4.02199 -5.15253 -7.56803
5.93155 -2.74622 -7.56803
1.32681 6.40036 -7.56803
1.32681 6.40036 -7.56803
1.6425 -6.32671 -7.56803
5.78801 3.03709 -7.56803
-4.27265 4.94666 -7.56803
-3.84661 -5.28475 -7.56803
6.02055 -2.54519 -7.56803
1.11082 6.44136 -7.56803
-6.52527 -0.381835 -7.56803
1.85433 -6.26789 -7.56803
-0.644486 2.76244 -9.58924
-2.54376 -1.25526 -9.58924
1.72566 2.25134 -9.58924
-2.58453 1.16902 -9.58924
-0.55124 -2.78255 -9.58924
2.83502 0.095377 -9.58924
-0.737003 2.73921 -9.58924
-2.50012 -1.34008 -9.58924
1.87307 -2.13027 -9.58924
1.64899 2.30808 -9.58924
-2.62238 1.08146 -9.58924
2.83021 0.190646 -9.58924
-0.828687 2.71288 -9.58924
-2.45365 -1.42338 -9.58924
1.94364 -2.06608 -9.58924
1.57045 2.36223 -9.58924
-2.65726 0.992678 -9.58924
-2.65726 0.992678 -9.58924
-0.362985 -2.8133 -9.58924
2.8222 0.285694 -9.58924
-0.91943 2.68348 -9.58924
-2.4044 -1.50508 -9.58924
-2.4044 -1.50508 -9.58924
2.01201 -1.99956 -9.58924
1.49014 2.41369 -9.58924
-2.68913 0.902775 -9.58924
-0.268192 -2.82392 -9.58924
-0.268192 -2.82392 -9.58924
2.811 0.38043 -9.58924
-1.00914 2.65105 -9.58924
-2.35244 -1.58507 -9.58924
2.0781 -1.93079 -9.58924
1.40815 2.46243 -9.58924
1.40815 2.46243 -9.58924
-2.71797 0.811842 -9.58924
-0.173085 -2.83134 -9.58924
2.79662 0.474725 -9.58924
-1.09771 2.61562 -9.58924
-2.29782 -1.66327 -9.58924
2.14185 -1.85982 -9.58924
1.32456 2.50838 -9.58924
1.32456 2.50838 -9.58924
-2.74372 0.720001 -9.58924
-0.0777826 -2.83556 -9.58924
2.77907 0.568483 -9.58924
-1.18503 2.57723 -9.58924
-2.2406 -1.73959 -9.58924
2.20316 -1.78675 -9.58924
2.20316 -1.78675 -9.58924
1.23945 2.5515 -9.58924
-2.76638 0.627346 -9.58924
0.017597 -2.83657 -9.58924
2.75839 0.661598 -9.58924
-1.27102 2.53593 -9.58924
-2.18083 -1.81395 -9.58924
2.26199 -1.71167 -9.58924
-2.78591 0.533981 -9.58924
0.112957 -2.83437 -9.58924
2.73458 0.753986 -9.58924
-1.35556 2.49176 -9.58924
-2.11861 -1.88625 -9.58924
2.31826 -1.63465 -9.58924
1.06518 2.62903 -9.58924
-2.80229 0.439991 -9.58924
0.208189 -2.82897 -9.58924
0.208189 -2.82897 -9.58924
2.70768 0.845501 -9.58924
-1.43857 2.44478 -9.58924
-2.05399 -1.95641 -9.58924
2.37192 -1.55577 -9.58924
2.37192 -1.55577 -9.58924
0.976184 2.66336 -9.58924
-2.8155 0.345525 -9.58924
0.303185 -2.82037 -9.58924
2.67773 0.936059 -9.58924
2.67773 0.936059 -9.58924
-1.51997 2.39502 -9.58924
-1.98704 -2.02438 -9.58924
2.42288 -1.47516 -9.58924
0.886086 2.69468 -9.58924
-2.82552 0.250669 -9.58924
-2.82552 0.250669 -9.58924
0.397861 -2.80858 -9.58924
2.64473 1.02558 -9.58924
-1.59962 2.34257 -9.58924
-1.91787 -2.09003 -9.58924
2.47112 -1.39284 -9.58924
2.47112 -1.39284 -9.58924
0.794965 2.72295 -9.58924
-2.83236 0.155507 -9.58924
0.492043 -2.79362 -9.58924
2.60876 1.1139 -9.58924
-1.67749 2.28745 -9.58924
-1.84649 -2.15334 -9.58924
2.51656 -1.30895 -9.58924
2.51656 -1.30895 -9.58924
0.702987 2.74813 -9.58924
-2.83598 0.0602124 -9.58924
0.585712 -2.77549 -9.58924
2.56983 1.201 -9.58924
-1.75347 2.22975 -9.58924
-1.77307 -2.21419 -9.58924
2.55914 -1.22362 -9.58924
0.610172 2.77022 -9.58924
-2.8364 -0.0351934 -9.58924
0.678718 -2.75423 -9.58924
-1.82743 2.16955 -9.58924
-1.69761 -2.27257 -9.58924
-1.69761 -2.27257 -9.58924
2.59884 -1.13687 -9.58924
0.516667 2.78917 -9.58924
-2.83362 -0.130516 -9.58924
0.770915 -2.72986 -9.58924
2.48331 1.37099 -9.58924
-1.89935 2.10686 -9.58924
-1.89935 2.10686 -9.58924
-1.62022 -2.32837 -9.58924
2.63558 -1.04887 -9.58924
0.42262 2.80496 -9.58924
-2.82763 -0.225734 -9.58924
-2.82763 -0.225734 -9.58924
0.862282 -2.70239 -9.58924
2.4358 1.45373 -9.58924
-1.9691 2.04183 -9.58924
-1.54104 -2.38152 -9.58924
2.66936 -0.959643 -9.58924
2.66936 -0.959643 -9.58924
0.328053 2.81759 -9.58924
-2.81844 -0.320697 -9.58924
0.952632 -2.67188 -9.58924
2.38555 1.53478 -9.58924
-2.03665 1.97445 -9.58924
-1.46008 -2.43199 -9.58924
-1.46008 -2.43199 -9.58924
2.70013 -0.869332 -9.58924
0.233157 2.82702 -9.58924
-2.80606 -0.415255 -9.58924
1.04195 -2.63833 -9.58924
2.33259 1.61414 -9.58924
-2.1019 1.90485 -9.58924
-2.1019 1.90485 -9.58924
-1.37751 -2.4797 -9.58924
2.72782 -0.778079 -9.58924
0.137955 2.83327 -9.58924
-2.79051 -0.509385 -9.58924
1.13008 -2.6018 -9.58924
2.27702 1.69163 -9.58924
-2.16474 1.83312 -9.58924
-1.29334 -2.52462 -9.58924
2.75245 -0.685905 -9.58924
0.0425965 2.8363 -9.58924
-2.77181 -0.602897 -9.58924
1.2169 -2.56234 -9.58924
2.21884 1.76725 -9.58924
-2.22516 1.75928 -9.58924
-1.2077 -2.56669 -9.58924
2.77395 -0.592997 -9.58924
-0.05281 2.83613 -9.58924
-2.74997 -0.69577 -9.58924
1.30234 -2.51999 -9.58924
2.15815 1.84087 -9.58924
-2.28304 1.68349 -9.58924
-2.28304 1.68349 -9.58924
-1.12071 -2.60585 -9.58924
2.79232 -0.499376 -9.58924
-0.14807 2.83275 -9.58924
-2.72502 -0.787856 -9.58924
-2.72502 -0.787856 -9.58924
1.38635 -2.47476 -9.58924
2.09503 1.9124 -9.58924
-2.33836 1.60576 -9.58924
-1.03252 -2.64203 -9.58924
2.80753 -0.40519 -9.58924
2.80753 -0.40519 -9.58924
-0.24325 2.82617 -9.58924
-2.69698 -0.87905 -9.58924
1.46879 -2.42674 -9.58924
2.02959 1.98171 -9.58924
-2.39104 1.52622 -9.58924
-2.39104 1.52622 -9.58924
-0.943086 -2.67526 -9.58924
2.81957 -0.310546 -9.58924
-0.338154 2.81639 -9.58924
-2.66592 -0.969168 -9.58924
1.54957 -2.37598 -9.58924
1.9618 2.04885 -9.58924
-2.44102 1.44495 -9.58924
-0.852586 -2.70546 -9.58924
-0.852586 -2.70546 -9.58924
2.82841 -0.215637 -9.58924
-0.432676 2.80343 -9.58924
-2.63182 -1.05827 -9.58924
1.62859 -2.32252 -9.58924
1.89179 2.11366 -9.58924
-2.48819 1.36211 -9.58924
-0.761121 -2.7326 -9.58924
2.83407 -0.120398 -9.58924
-0.526708 2.78729 -9.58924
-2.59474 -1.14618 -9.58924
1.81964 2.17608 -9.58924
-2.53259 1.27767 -9.58924
-0.668796 -2.75665 -9.58924
2.83651 -0.0250223 -9.58924
-0.62006 2.76802 -9.58924
-2.55473 -1.23279 -9.58924
1.78096 -2.20785 -9.58924
1.74543 2.23605 -9.58924
-2.57412 1.19178 -9.58924
-0.575798 -2.77757 -9.58924
2.83575 0.0703813 -9.58924
-0.712795 2.7456 -9.58924
-0.712795 2.7456 -9.58924
-2.51183 -1.31801 -9.58924
1.8542 -2.14671 -9.58924
1.66931 2.29343 -9.58924
-2.61274 1.10454 -9.58924
-0.482065 -2.79536 -9.58924
2.83178 0.165705 -9.58924
2.83178 0.165705 -9.58924
-0.804724 2.72008 -9.58924
-2.18153 9.3506 -2.79415
-8.61041 -4.24895 -2.79415
6.09413 -7.41985 -2.79415
5.84121 7.62056 -2.79415
-8.7484 3.95704 -2.79415
-1.8659 -9.41866 -2.79415
-1.8659 -9.41866 -2.79415
9.59627 0.322842 -2.79415
-2.49469 9.27196 -2.79415
-8.46267 -4.53606 -2.79415
6.34016 -7.21076 -2.79415
5.58169 7.81265 -2.79415
-8.8765 3.66065 -2.79415
-8.8765 3.66065 -2.79415
-1.54816 -9.47607 -2.79415
9.57999 0.645319 -2.79415
-2.80503 9.18284 -2.79415
-8.30538 -4.81803 -2.79415
6.57903 -6.9935 -2.79415
5.31583 7.99592 -2.79415
-8.99457 3.36012 -2.79415
-1.22867 -9.52277 -2.79415
9.55288 0.967048 -2.79415
-3.11219 9.08334 -2.79415
-8.13867 -5.09457 -2.79415
6.81046 -6.76834 -2.79415
5.04399 8.17012 -2.79415
-9.10246 3.05581 -2.79415
-0.907805 -9.55869 -2.79415
9.51496 1.28772 -2.79415
-3.41586 8.97355 -2.79415
-7.96279 -5.36533 -2.79415
7.03417 -6.53553 -2.79415
4.76644 8.33509 -2.79415
-9.20006 2.74801 -2.79415
-0.585877 -9.58381 -2.79415
9.46629 1.6069 -2.79415
9.46629 1.6069 -2.79415
-3.71566 8.85362 -2.79415
-7.77789 -5.63001 -2.79415
7.24995 -6.29531 -2.79415
4.48351 8.49063 -2.79415
4.48351 8.49063 -2.79415
-8.38597 -0.282125 -5.44021
-8.38597 -0.282125 -5.44021
-8.38597 -0.282125 -5.44021
-8.38597 -0.282125 -5.44021
-8.38597 -0.282125 -5.44021
-8.38597 -0.282125 -5.44021
-8.38597 -0.282125 -5.44021
