3 0 0
3 0 0
3 0 0
3 0 0
3 0 0
3 0 0
3 0 0
3 0 0
3 0 0
3 0 0
2.18557 -2.05239 0.104698
2.24896 -1.98273 0.104698
2.31013 -1.91111 0.104698
2.36902 -1.8376 0.104698
2.36902 -1.8376 0.104698
2.42557 -1.76228 0.104698
2.47973 -1.68522 0.104698
2.53144 -1.6065 0.104698
2.58065 -1.52619 0.104698
2.62732 -1.44438 0.104698
2.71283 -1.27656 0.104698
2.75159 -1.19072 0.104698
2.82092 -1.01559 0.104698
2.85143 -0.926486 0.104698
2.87913 -0.836464 0.104698
2.90398 -0.745615 0.104698
2.92597 -0.654031 0.104698
2.94507 -0.561801 0.104698
2.96126 -0.469018 0.104698
2.97453 -0.375771 0.104698
2.98487 -0.282153 0.104698
2.99226 -0.188257 0.104698
2.99669 -0.0941742 0.104698
2.99817 -7.3434e-16 0.104698
2.99441 0.0941031 0.157008
2.98998 0.188113 0.157008
2.98259 0.281938 0.157008
2.97227 0.375484 0.157008
2.97227 0.375484 0.157008
2.959 0.46866 0.157008
2.94282 0.561374 0.157008
2.92374 0.653533 0.157008
2.90177 0.745047 0.157008
2.87693 0.835826 0.157008
2.84926 0.92578 0.157008
2.81877 1.01482 0.157008
2.78551 1.10286 0.157008
2.74949 1.18981 0.157008
2.71076 1.27559 0.157008
2.66936 1.3601 0.157008
2.62532 1.44328 0.157008
2.57869 1.52503 0.157008
2.52951 1.60528 0.157008
2.47784 1.68394 0.157008
2.42372 1.76094 0.157008
2.36722 1.8362 0.157008
2.30837 1.90965 0.157008
2.24725 1.98122 0.157008
2.18391 2.05083 0.157008
2.11841 2.11841 0.157008
2.05083 2.18391 0.157008
1.98122 2.24725 0.157008
1.90965 2.30837 0.157008
1.8362 2.36722 0.157008
1.76094 2.42372 0.157008
1.60528 2.52951 0.157008
1.52503 2.57869 0.157008
1.52503 2.57869 0.157008
1.44328 2.62532 0.157008
1.3601 2.66936 0.157008
1.27559 2.71076 0.157008
1.18981 2.74949 0.157008
1.10286 2.78551 0.157008
1.01482 2.81877 0.157008
0.92578 2.84926 0.157008
0.835826 2.87693 0.157008
0.745047 2.90177 0.157008
0.653533 2.92374 0.157008
0.561374 2.94282 0.157008
0.46866 2.959 0.157008
0.375484 2.97227 0.157008
0.281938 2.98259 0.157008
0.188113 2.98998 0.157008
0.0941033 2.99441 0.157008
0.0941033 2.99441 0.157008
1.83445e-16 2.99589 0.157008
-0.0941033 2.99441 0.157008
-0.188113 2.98998 0.157008
-0.281938 2.98259 0.157008
-0.375484 2.97227 0.157008
-0.46866 2.959 0.157008
-0.561374 2.94282 0.157008
-0.653533 2.92374 0.157008
-0.745047 2.90177 0.157008
-0.835826 2.87693 0.157008
-0.92578 2.84926 0.157008
-1.01482 2.81877 0.157008
-1.10286 2.78551 0.157008
-1.18981 2.74949 0.157008
-1.27559 2.71076 0.157008
-1.27559 2.71076 0.157008
-1.3601 2.66936 0.157008
-1.44328 2.62532 0.157008
-1.52503 2.57869 0.157008
-1.60528 2.52951 0.157008
-1.68394 2.47784 0.157008
-1.76094 2.42372 0.157008
-1.8362 2.36722 0.157008
-1.90965 2.30837 0.157008
-1.98122 2.24725 0.157008
-2.05083 2.18391 0.157008
-2.11841 2.11841 0.157008
-2.18391 2.05083 0.157008
-2.24725 1.98122 0.157008
-2.30837 1.90965 0.157008
-2.36722 1.8362 0.157008
-2.42372 1.76094 0.157008
-2.47784 1.68394 0.157008
-2.52951 1.60528 0.157008
-2.57869 1.52503 0.157008
-2.57869 1.52503 0.157008
-2.62532 1.44328 0.157008
-2.66936 1.3601 0.157008
-2.71076 1.27559 0.157008
-2.74949 1.18981 0.157008
-2.78551 1.10286 0.157008
-2.81877 1.01482 0.157008
-2.84926 0.92578 0.157008
-2.87693 0.835826 0.157008
-2.90177 0.745047 0.157008
-2.92374 0.653533 0.157008
-2.94282 0.561374 0.157008
-2.959 0.46866 0.157008
-2.97227 0.375484 0.157008
-2.98259 0.281938 0.157008
-2.98998 0.188114 0.157008
-2.99441 0.0941033 0.157008
-2.99589 3.66891e-16 0.157008
-2.99441 -0.0941033 0.157008
-2.98998 -0.188114 0.157008
-2.97227 -0.375484 0.157008
-2.959 -0.46866 0.157008
-2.94282 -0.561374 0.157008
-2.92374 -0.653533 0.157008
-2.90177 -0.745047 0.157008
-2.84926 -0.92578 0.157008
-2.81877 -1.01482 0.157008
-2.78551 -1.10286 0.157008
-2.74949 -1.18981 0.157008
-2.66936 -1.3601 0.157008
-2.62532 -1.44328 0.157008
-2.57869 -1.52503 0.157008
-2.52951 -1.60528 0.157008
-2.42372 -1.76094 0.157008
-2.36722 -1.8362 0.157008
-2.30837 -1.90965 0.157008
-2.24725 -1.98122 0.157008
-2.11841 -2.11841 0.157008
-2.05083 -2.18391 0.157008
-1.98122 -2.24725 0.157008
-1.90965 -2.30837 0.157008
-1.76094 -2.42372 0.157008
-1.68394 -2.47784 0.157008
-1.60528 -2.52951 0.157008
-1.52503 -2.57869 0.157008
-1.44328 -2.62532 0.157008
-1.27559 -2.71076 0.157008
-1.18981 -2.74949 0.157008
-1.10286 -2.78551 0.157008
-1.01482 -2.81877 0.157008
-0.92578 -2.84926 0.157008
-0.835826 -2.87693 0.157008
-0.745047 -2.90177 0.157008
-0.653533 -2.92374 0.157008
-0.561373 -2.94282 0.157008
-0.46866 -2.959 0.157008
-0.375485 -2.97227 0.157008
-0.281938 -2.98259 0.157008
-0.188114 -2.98998 0.157008
-0.0941025 -2.99441 0.157008
-5.50336e-16 -2.99589 0.157008
0.0941025 -2.99441 0.157008
0.188114 -2.98998 0.157008
0.281938 -2.98259 0.157008
0.375485 -2.97227 0.157008
0.46866 -2.959 0.157008
0.561373 -2.94282 0.157008
0.653533 -2.92374 0.157008
0.653533 -2.92374 0.157008
0.745047 -2.90177 0.157008
0.835827 -2.87693 0.157008
0.92578 -2.84926 0.157008
1.01482 -2.81877 0.157008
1.10286 -2.78551 0.157008
1.18981 -2.74949 0.157008
1.27559 -2.71076 0.157008
1.3601 -2.66936 0.157008
1.44328 -2.62532 0.157008
1.60528 -2.52951 0.157008
1.60528 -2.52951 0.157008
1.68394 -2.47784 0.157008
1.76094 -2.42372 0.157008
1.8362 -2.36722 0.157008
1.90965 -2.30837 0.157008
1.98122 -2.24725 0.157008
2.05083 -2.18391 0.157008
2.11841 -2.11841 0.157008
2.24725 -1.98122 0.157008
2.30837 -1.90965 0.157008
2.36722 -1.8362 0.157008
2.47784 -1.68394 0.157008
2.52951 -1.60528 0.157008
2.57869 -1.52503 0.157008
2.62532 -1.44328 0.157008
2.66936 -1.3601 0.157008
2.71076 -1.27559 0.157008
2.78551 -1.10286 0.157008
2.81877 -1.01482 0.157008
2.84926 -0.92578 0.157008
2.84926 -0.92578 0.157008
2.87693 -0.835827 0.157008
2.90177 -0.745047 0.157008
2.92374 -0.653533 0.157008
2.94282 -0.561373 0.157008
2.959 -0.46866 0.157008
2.97227 -0.375485 0.157008
2.98259 -0.281938 0.157008
2.98998 -0.188114 0.157008
2.99441 -0.0941025 0.157008
2.99589 -7.33781e-16 0.157008
2.99589 -7.33781e-16 0.157008
2.99122 0.0940027 0.209269
2.98679 0.187913 0.209269
2.97941 0.281637 0.209269
2.96909 0.375084 0.209269
2.95585 0.46816 0.209269
2.93968 0.560775 0.209269
2.92062 0.652836 0.209269
2.89867 0.744252 0.209269
2.87386 0.834935 0.209269
2.84622 0.924793 0.209269
2.81577 1.01374 0.209269
2.78253 1.10168 0.209269
2.74656 1.18854 0.209269
2.70787 1.27423 0.209269
2.66651 1.35865 0.209269
2.62252 1.44174 0.209269
2.57594 1.5234 0.209269
2.52681 1.60356 0.209269
2.4752 1.68214 0.209269
2.42114 1.75906 0.209269
2.36469 1.83424 0.209269
2.36469 1.83424 0.209269
2.24485 1.9791 0.209269
2.18158 2.04864 0.209269
2.11615 2.11615 0.209269
1.9791 2.24485 0.209269
1.90761 2.30591 0.209269
1.83424 2.36469 0.209269
1.75906 2.42114 0.209269
1.68214 2.4752 0.209269
1.5234 2.57594 0.209269
1.44174 2.62252 0.209269
1.35865 2.66651 0.209269
1.27423 2.70787 0.209269
1.18854 2.74656 0.209269
1.10168 2.78253 0.209269
1.01374 2.81577 0.209269
0.924793 2.84622 0.209269
0.834934 2.87386 0.209269
0.744252 2.89867 0.209269
0.652835 2.92062 0.209269
0.652835 2.92062 0.209269
0.560775 2.93968 0.209269
0.46816 2.95585 0.209269
0.375084 2.96909 0.209269
0.281637 2.97941 0.209269
0.187913 2.98679 0.209269
0.0940029 2.99122 0.209269
1.8325e-16 2.99269 0.209269
-0.0940029 2.99122 0.209269
-0.187913 2.98679 0.209269
-0.281637 2.97941 0.209269
-0.375084 2.96909 0.209269
-0.46816 2.95585 0.209269
-0.560775 2.93968 0.209269
-0.652835 2.92062 0.209269
-0.744252 2.89867 0.209269
-0.834934 2.87386 0.209269
-0.924793 2.84622 0.209269
-1.01374 2.81577 0.209269
-1.10168 2.78253 0.209269
-1.18854 2.74656 0.209269
-1.27423 2.70787 0.209269
-1.27423 2.70787 0.209269
-1.35865 2.66651 0.209269
-1.44174 2.62252 0.209269
-1.5234 2.57594 0.209269
-1.60356 2.52681 0.209269
-1.68214 2.4752 0.209269
-1.83424 2.36469 0.209269
-1.90761 2.30591 0.209269
-1.9791 2.24485 0.209269
-2.04864 2.18158 0.209269
-2.18158 2.04864 0.209269
-2.24485 1.9791 0.209269
-2.30591 1.90761 0.209269
-2.36469 1.83424 0.209269
-2.4752 1.68214 0.209269
-2.52681 1.60356 0.209269
-2.57594 1.5234 0.209269
-2.62252 1.44174 0.209269
-2.66651 1.35865 0.209269
-2.70787 1.27423 0.209269
-2.74656 1.18854 0.209269
-2.78253 1.10168 0.209269
-2.81577 1.01374 0.209269
-2.81577 1.01374 0.209269
-2.84622 0.924793 0.209269
-2.87386 0.834934 0.209269
-2.89867 0.744252 0.209269
-2.92062 0.652836 0.209269
-2.93968 0.560775 0.209269
-2.95585 0.46816 0.209269
-2.96909 0.375084 0.209269
-2.97941 0.281637 0.209269
-2.98679 0.187913 0.209269
-2.99122 0.0940029 0.209269
-2.99269 3.66499e-16 0.209269
-2.99122 -0.0940029 0.209269
-2.98679 -0.187913 0.209269
-2.97941 -0.281637 0.209269
-2.96909 -0.375084 0.209269
-2.95585 -0.46816 0.209269
-2.93968 -0.560775 0.209269
-2.93968 -0.560775 0.209269
-2.92062 -0.652836 0.209269
-2.89867 -0.744252 0.209269
-2.87386 -0.834934 0.209269
-2.84622 -0.924793 0.209269
-2.81577 -1.01374 0.209269
-2.78253 -1.10168 0.209269
-2.74656 -1.18854 0.209269
-2.70787 -1.27423 0.209269
-2.66651 -1.35865 0.209269
-2.62252 -1.44174 0.209269
-2.57594 -1.5234 0.209269
-2.52681 -1.60356 0.209269
-2.42114 -1.75906 0.209269
-2.36469 -1.83424 0.209269
-2.30591 -1.90761 0.209269
-2.18158 -2.04864 0.209269
-2.11615 -2.11615 0.209269
-2.04864 -2.18158 0.209269
-1.9791 -2.24485 0.209269
-1.83424 -2.36469 0.209269
-1.75906 -2.42114 0.209269
-1.68214 -2.4752 0.209269
-1.60356 -2.52681 0.209269
-1.5234 -2.57594 0.209269
-1.44174 -2.62252 0.209269
-1.35865 -2.66651 0.209269
-1.27423 -2.70787 0.209269
-1.18854 -2.74656 0.209269
-1.10168 -2.78253 0.209269
-1.01374 -2.81577 0.209269
-0.924793 -2.84622 0.209269
-0.924793 -2.84622 0.209269
-0.834934 -2.87386 0.209269
-0.744252 -2.89867 0.209269
-0.652836 -2.92062 0.209269
-0.560774 -2.93968 0.209269
-0.46816 -2.95585 0.209269
-0.375084 -2.96909 0.209269
-0.281637 -2.97941 0.209269
-0.187913 -2.98679 0.209269
-0.0940021 -2.99122 0.209269
-5.49749e-16 -2.99269 0.209269
0.0940021 -2.99122 0.209269
0.187913 -2.98679 0.209269
0.281637 -2.97941 0.209269
0.375084 -2.96909 0.209269
0.46816 -2.95585 0.209269
0.560774 -2.93968 0.209269
0.652836 -2.92062 0.209269
0.744252 -2.89867 0.209269
0.744252 -2.89867 0.209269
0.834935 -2.87386 0.209269
0.924793 -2.84622 0.209269
1.01374 -2.81577 0.209269
1.10168 -2.78253 0.209269
1.18854 -2.74656 0.209269
1.27423 -2.70787 0.209269
1.35865 -2.66651 0.209269
1.44174 -2.62252 0.209269
1.60356 -2.52681 0.209269
1.68214 -2.4752 0.209269
1.75906 -2.42114 0.209269
1.90761 -2.30591 0.209269
1.9791 -2.24485 0.209269
2.04864 -2.18158 0.209269
2.18158 -2.04864 0.209269
2.24485 -1.9791 0.209269
2.30591 -1.90761 0.209269
2.36469 -1.83424 0.209269
2.42114 -1.75906 0.209269
2.4752 -1.68214 0.209269
2.52681 -1.60356 0.209269
2.57594 -1.5234 0.209269
2.62252 -1.44174 0.209269
2.66651 -1.35865 0.209269
2.70787 -1.27423 0.209269
2.74656 -1.18854 0.209269
2.78253 -1.10168 0.209269
2.81577 -1.01374 0.209269
2.84622 -0.924793 0.209269
2.87386 -0.834935 0.209269
2.89867 -0.744252 0.209269
2.92062 -0.652836 0.209269
2.93968 -0.560774 0.209269
2.93968 -0.560774 0.209269
2.95585 -0.46816 0.209269
2.96909 -0.375084 0.209269
2.97941 -0.281637 0.209269
2.98679 -0.187913 0.209269
2.99122 -0.0940021 0.209269
2.99269 -7.32998e-16 0.209269
2.98711 0.0938737 0.261467
2.98269 0.187655 0.261467
2.97532 0.281251 0.261467
2.96502 0.374569 0.261467
2.95179 0.467518 0.261467
2.93565 0.560005 0.261467
2.91661 0.651939 0.261467
2.91661 0.651939 0.261467
2.89469 0.743231 0.261467
2.86992 0.833788 0.261467
2.84231 0.923523 0.261467
2.8119 1.01235 0.261467
2.77872 1.10017 0.261467
2.74279 1.18691 0.261467
2.70415 1.27248 0.261467
2.61892 1.43976 0.261467
2.5724 1.52131 0.261467
2.52334 1.60136 0.261467
2.41782 1.75665 0.261467
2.36144 1.83172 0.261467
2.30274 1.905 0.261467
2.24177 1.97639 0.261467
2.17858 2.04583 0.261467
2.11325 2.11325 0.261467
2.04583 2.17858 0.261467
1.97639 2.24177 0.261467
1.905 2.30274 0.261467
1.83172 2.36144 0.261467
1.75665 2.41782 0.261467
1.67983 2.4718 0.261467
1.67983 2.4718 0.261467
1.60136 2.52334 0.261467
1.52131 2.5724 0.261467
1.43976 2.61892 0.261467
1.35679 2.66285 0.261467
1.27248 2.70415 0.261467
1.18691 2.74279 0.261467
1.10017 2.77872 0.261467
1.01235 2.8119 0.261467
0.923523 2.84231 0.261467
0.833788 2.86992 0.261467
0.743231 2.89469 0.261467
0.651939 2.91661 0.261467
0.560005 2.93565 0.261467
0.560005 2.93565 0.261467
0.467518 2.95179 0.261467
0.374569 2.96502 0.261467
0.281251 2.97532 0.261467
0.187655 2.98269 0.261467
0.0938739 2.98711 0.261467
1.82998e-16 2.98858 0.261467
-0.0938739 2.98711 0.261467
-0.187655 2.98269 0.261467
-0.281251 2.97532 0.261467
-0.374569 2.96502 0.261467
-0.467518 2.95179 0.261467
-0.560005 2.93565 0.261467
-0.651939 2.91661 0.261467
-0.743231 2.89469 0.261467
-0.923523 2.84231 0.261467
-1.01235 2.8119 0.261467
-1.10017 2.77872 0.261467
-1.18691 2.74279 0.261467
-1.35679 2.66285 0.261467
-1.43976 2.61892 0.261467
-1.52131 2.5724 0.261467
-1.60136 2.52334 0.261467
-1.67983 2.4718 0.261467
-1.75665 2.41782 0.261467
-1.905 2.30274 0.261467
-1.97639 2.24177 0.261467
-2.04583 2.17858 0.261467
-2.11325 2.11325 0.261467
-2.17858 2.04583 0.261467
-2.24177 1.97639 0.261467
-2.30274 1.905 0.261467
-2.36144 1.83172 0.261467
-2.41782 1.75665 0.261467
-2.4718 1.67983 0.261467
-2.52335 1.60136 0.261467
-2.5724 1.52131 0.261467
-2.5724 1.52131 0.261467
-2.61892 1.43976 0.261467
-2.66285 1.35679 0.261467
-2.70415 1.27248 0.261467
-2.74279 1.18691 0.261467
-2.77872 1.10017 0.261467
-2.8119 1.01235 0.261467
-2.84231 0.923523 0.261467
-2.86992 0.833788 0.261467
-2.89469 0.74323 0.261467
-2.91661 0.65194 0.261467
-2.93565 0.560005 0.261467
-2.95179 0.467518 0.261467
-2.96502 0.374569 0.261467
-2.97532 0.28125 0.261467
-2.98269 0.187655 0.261467
-2.98711 0.0938739 0.261467
-2.98858 3.65996e-16 0.261467
-2.98711 -0.0938739 0.261467
-2.98269 -0.187655 0.261467
-2.97532 -0.28125 0.261467
-2.97532 -0.28125 0.261467
-2.96502 -0.374569 0.261467
-2.95179 -0.467518 0.261467
-2.93565 -0.560005 0.261467
-2.91661 -0.65194 0.261467
-2.89469 -0.74323 0.261467
-2.84231 -0.923523 0.261467
-2.8119 -1.01235 0.261467
-2.77872 -1.10017 0.261467
-2.70415 -1.27248 0.261467
-2.66285 -1.35679 0.261467
-2.66285 -1.35679 0.261467
-2.5724 -1.52131 0.261467
-2.52335 -1.60136 0.261467
-2.4718 -1.67983 0.261467
-2.41782 -1.75665 0.261467
-2.41782 -1.75665 0.261467
-2.36144 -1.83172 0.261467
-2.30274 -1.905 0.261467
-2.24177 -1.97639 0.261467
-2.17858 -2.04583 0.261467
-2.11325 -2.11325 0.261467
-2.04583 -2.17858 0.261467
-1.97639 -2.24177 0.261467
-1.905 -2.30274 0.261467
-1.83172 -2.36144 0.261467
-1.75665 -2.41782 0.261467
-1.67983 -2.4718 0.261467
-1.60136 -2.52335 0.261467
-1.52131 -2.5724 0.261467
-1.43976 -2.61892 0.261467
-1.35679 -2.66285 0.261467
-1.35679 -2.66285 0.261467
-1.27248 -2.70415 0.261467
-1.18691 -2.74279 0.261467
-1.10017 -2.77872 0.261467
-1.01235 -2.8119 0.261467
-0.923523 -2.84231 0.261467
-0.833788 -2.86992 0.261467
-0.74323 -2.89469 0.261467
-0.65194 -2.91661 0.261467
-0.560004 -2.93565 0.261467
-0.467518 -2.95179 0.261467
-0.37457 -2.96502 0.261467
-0.28125 -2.97532 0.261467
-0.187655 -2.98269 0.261467
-0.0938731 -2.98711 0.261467
-5.48994e-16 -2.98858 0.261467
0.0938731 -2.98711 0.261467
0.187655 -2.98269 0.261467
0.37457 -2.96502 0.261467
0.467518 -2.95179 0.261467
0.560004 -2.93565 0.261467
0.65194 -2.91661 0.261467
0.74323 -2.89469 0.261467
0.923523 -2.84231 0.261467
1.01235 -2.8119 0.261467
1.10017 -2.77872 0.261467
1.18691 -2.74279 0.261467
1.27248 -2.70415 0.261467
1.35679 -2.66285 0.261467
1.43976 -2.61892 0.261467
1.52131 -2.5724 0.261467
1.60136 -2.52335 0.261467
1.67983 -2.4718 0.261467
1.75665 -2.41782 0.261467
1.83172 -2.36145 0.261467
1.905 -2.30274 0.261467
1.97639 -2.24177 0.261467
1.97639 -2.24177 0.261467
2.04583 -2.17858 0.261467
2.11325 -2.11325 0.261467
2.17858 -2.04583 0.261467
2.24177 -1.97639 0.261467
2.30274 -1.905 0.261467
2.36145 -1.83172 0.261467
2.41782 -1.75665 0.261467
2.4718 -1.67983 0.261467
2.52335 -1.60136 0.261467
2.5724 -1.52131 0.261467
2.61892 -1.43976 0.261467
2.66285 -1.35679 0.261467
2.70415 -1.27248 0.261467
2.74279 -1.18691 0.261467
2.77872 -1.10017 0.261467
2.8119 -1.01235 0.261467
2.84231 -0.923523 0.261467
2.86992 -0.833789 0.261467
2.89469 -0.74323 0.261467
2.91661 -0.65194 0.261467
2.93565 -0.560004 0.261467
2.95179 -0.467518 0.261467
2.96502 -0.37457 0.261467
2.96502 -0.37457 0.261467
2.97532 -0.28125 0.261467
2.98711 -0.0938731 0.261467
2.98858 -7.31992e-16 0.261467
2.98209 0.0937161 0.313585
2.97032 0.280778 0.313585
2.96004 0.37394 0.313585
2.94683 0.466733 0.313585
2.91171 0.650845 0.313585
2.88983 0.741983 0.313585
2.8651 0.832388 0.313585
2.80718 1.01065 0.313585
2.77405 1.09832 0.313585
2.73818 1.18492 0.313585
2.69961 1.27034 0.313585
2.69961 1.27034 0.313585
2.65838 1.35451 0.313585
2.61452 1.43734 0.313585
2.56808 1.51876 0.313585
2.51911 1.59867 0.313585
2.46765 1.67701 0.313585
2.41376 1.7537 0.313585
2.35748 1.82865 0.313585
2.29888 1.9018 0.313585
2.29888 1.9018 0.313585
2.23801 1.97307 0.313585
2.17493 2.04239 0.313585
2.1097 2.1097 0.313585
2.04239 2.17493 0.313585
1.97307 2.23801 0.313585
1.9018 2.29888 0.313585
1.82865 2.35748 0.313585
1.7537 2.41376 0.313585
1.67701 2.46765 0.313585
1.59867 2.51911 0.313585
1.51876 2.56808 0.313585
1.43734 2.61452 0.313585
1.35451 2.65838 0.313585
1.27034 2.69961 0.313585
1.18492 2.73818 0.313585
1.09832 2.77405 0.313585
1.09832 2.77405 0.313585
1.01065 2.80718 0.313585
0.921973 2.83754 0.313585
0.832388 2.8651 0.313585
0.741983 2.88983 0.313585
0.650845 2.91171 0.313585
0.559065 2.93072 0.313585
0.466733 2.94683 0.313585
0.37394 2.96004 0.313585
0.18734 2.97768 0.313585
0.0937162 2.98209 0.313585
1.82691e-16 2.98357 0.313585
-0.0937162 2.98209 0.313585
-0.280778 2.97032 0.313585
-0.37394 2.96004 0.313585
-0.466733 2.94683 0.313585
-0.559065 2.93072 0.313585
-0.741983 2.88983 0.313585
-0.832388 2.8651 0.313585
-0.921973 2.83754 0.313585
-1.01065 2.80718 0.313585
-1.09832 2.77405 0.313585
-1.18492 2.73818 0.313585
-1.27034 2.69961 0.313585
-1.35451 2.65838 0.313585
-1.35451 2.65838 0.313585
-1.43734 2.61452 0.313585
-1.51876 2.56808 0.313585
-1.59867 2.51911 0.313585
-1.67701 2.46765 0.313585
-1.7537 2.41376 0.313585
-1.82865 2.35748 0.313585
-1.9018 2.29888 0.313585
-1.97307 2.23801 0.313585
-2.04239 2.17493 0.313585
-2.1097 2.1097 0.313585
-2.17493 2.04239 0.313585
-2.23801 1.97307 0.313585
-2.29888 1.9018 0.313585
-2.35748 1.82865 0.313585
-2.41376 1.7537 0.313585
-2.46765 1.67701 0.313585
-2.51911 1.59867 0.313585
-2.51911 1.59867 0.313585
-2.56808 1.51876 0.313585
-2.61452 1.43734 0.313585
-2.65838 1.35451 0.313585
-2.69961 1.27034 0.313585
-2.73818 1.18492 0.313585
-2.77405 1.09832 0.313585
-2.80718 1.01065 0.313585
-2.83754 0.921973 0.313585
-2.8651 0.832388 0.313585
-2.88983 0.741982 0.313585
-2.91171 0.650845 0.313585
-2.93072 0.559065 0.313585
-2.94683 0.466733 0.313585
-2.97032 0.280778 0.313585
-2.97768 0.18734 0.313585
-2.98209 0.0937162 0.313585
-2.98357 3.65381e-16 0.313585
-2.98209 -0.0937162 0.313585
-2.97032 -0.280778 0.313585
-2.96004 -0.37394 0.313585
-2.94683 -0.466733 0.313585
-2.91171 -0.650845 0.313585
-2.88983 -0.741982 0.313585
-2.8651 -0.832388 0.313585
-2.8651 -0.832388 0.313585
-2.83754 -0.921973 0.313585
-2.80718 -1.01065 0.313585
-2.77405 -1.09832 0.313585
-2.73818 -1.18492 0.313585
-2.69961 -1.27034 0.313585
-2.65838 -1.35451 0.313585
-2.61452 -1.43734 0.313585
-2.56808 -1.51876 0.313585
-2.56808 -1.51876 0.313585
-2.51911 -1.59867 0.313585
-2.46765 -1.67701 0.313585
-2.41376 -1.7537 0.313585
-2.35748 -1.82865 0.313585
-2.29888 -1.9018 0.313585
-2.23801 -1.97307 0.313585
-2.17493 -2.04239 0.313585
-2.1097 -2.1097 0.313585
-2.04239 -2.17493 0.313585
-1.97307 -2.23801 0.313585
-1.9018 -2.29888 0.313585
-1.82865 -2.35748 0.313585
-1.7537 -2.41376 0.313585
-1.67701 -2.46765 0.313585
-1.59867 -2.51911 0.313585
-1.51876 -2.56808 0.313585
-1.43734 -2.61452 0.313585
-1.35451 -2.65838 0.313585
-1.27034 -2.69961 0.313585
-1.27034 -2.69961 0.313585
-1.18492 -2.73818 0.313585
-1.09832 -2.77405 0.313585
-1.01065 -2.80718 0.313585
-0.921973 -2.83754 0.313585
-0.741982 -2.88983 0.313585
-0.650845 -2.91171 0.313585
-0.559064 -2.93072 0.313585
-0.373941 -2.96004 0.313585
-0.280778 -2.97032 0.313585
-0.18734 -2.97768 0.313585
-0.0937154 -2.98209 0.313585
0.0937154 -2.98209 0.313585
0.0937154 -2.98209 0.313585
0.280778 -2.97032 0.313585
0.373941 -2.96004 0.313585
0.466733 -2.94683 0.313585
0.559064 -2.93072 0.313585
0.650845 -2.91171 0.313585
0.741982 -2.88983 0.313585
0.832389 -2.8651 0.313585
0.921973 -2.83754 0.313585
1.01065 -2.80718 0.313585
1.09832 -2.77405 0.313585
1.18492 -2.73818 0.313585
1.18492 -2.73818 0.313585
1.27034 -2.69961 0.313585
1.35451 -2.65838 0.313585
1.43734 -2.61452 0.313585
1.51876 -2.56808 0.313585
1.59867 -2.51911 0.313585
1.67701 -2.46765 0.313585
1.7537 -2.41376 0.313585
1.82865 -2.35748 0.313585
1.9018 -2.29888 0.313585
1.97307 -2.23801 0.313585
2.04239 -2.17493 0.313585
2.1097 -2.1097 0.313585
2.17493 -2.04239 0.313585
2.23801 -1.97307 0.313585
2.29888 -1.9018 0.313585
2.35748 -1.82865 0.313585
2.41376 -1.7537 0.313585
2.41376 -1.7537 0.313585
2.46765 -1.67701 0.313585
2.51911 -1.59867 0.313585
2.56808 -1.51876 0.313585
2.61452 -1.43734 0.313585
2.65838 -1.35451 0.313585
2.69961 -1.27034 0.313585
2.73818 -1.18492 0.313585
2.77405 -1.09832 0.313585
2.80718 -1.01065 0.313585
2.8651 -0.832389 0.313585
2.88983 -0.741982 0.313585
2.91171 -0.650845 0.313585
2.93072 -0.559064 0.313585
2.96004 -0.373941 0.313585
2.97032 -0.280778 0.313585
2.97768 -0.18734 0.313585
2.98357 -7.30763e-16 0.313585
2.97617 0.0935299 0.365608
2.97176 0.186967 0.365608
2.96442 0.280221 0.365608
2.95416 0.373197 0.365608
2.94098 0.465805 0.365608
2.9249 0.557954 0.365608
2.90593 0.649552 0.365608
2.88409 0.740509 0.365608
2.85941 0.830735 0.365608
2.8319 0.920141 0.365608
2.8319 0.920141 0.365608
2.8016 1.00864 0.365608
2.76854 1.09614 0.365608
2.73274 1.18256 0.365608
2.69425 1.26782 0.365608
2.6531 1.35182 0.365608
2.60932 1.43449 0.365608
2.56298 1.51574 0.365608
2.5141 1.5955 0.365608
2.46275 1.67368 0.365608
2.40896 1.75021 0.365608
2.3528 1.82502 0.365608
2.29431 1.89802 0.365608
2.23356 1.96915 0.365608
2.1706 2.03833 0.365608
2.10551 2.10551 0.365608
2.03833 2.1706 0.365608
1.96915 2.23356 0.365608
1.89802 2.29431 0.365608
1.82502 2.3528 0.365608
1.75021 2.40896 0.365608
1.67368 2.46275 0.365608
1.5955 2.5141 0.365608
1.51574 2.56298 0.365608
1.43449 2.60932 0.365608
1.35182 2.6531 0.365608
1.26782 2.69425 0.365608
1.18256 2.73274 0.365608
1.09614 2.76854 0.365608
0.920141 2.8319 0.365608
0.830734 2.85941 0.365608
0.740509 2.88409 0.365608
0.649552 2.90593 0.365608
0.465805 2.94098 0.365608
0.373197 2.95416 0.365608
0.280221 2.96442 0.365608
0.186967 2.97176 0.365608
1.82328e-16 2.97764 0.365608
-0.09353 2.97617 0.365608
-0.09353 2.97617 0.365608
-0.186967 2.97176 0.365608
-0.280221 2.96442 0.365608
-0.373197 2.95416 0.365608
-0.465805 2.94098 0.365608
-0.557954 2.9249 0.365608
-0.649552 2.90593 0.365608
-0.740509 2.88409 0.365608
-0.830734 2.85941 0.365608
-0.920141 2.8319 0.365608
-1.00864 2.8016 0.365608
-1.00864 2.8016 0.365608
-1.09614 2.76854 0.365608
-1.18256 2.73274 0.365608
-1.26782 2.69425 0.365608
-1.35182 2.6531 0.365608
-1.43449 2.60932 0.365608
-1.51574 2.56298 0.365608
-1.5955 2.5141 0.365608
-1.67368 2.46275 0.365608
-1.75021 2.40896 0.365608
-1.82502 2.3528 0.365608
-1.89802 2.29431 0.365608
-1.96915 2.23356 0.365608
-2.03833 2.17061 0.365608
-2.10551 2.10551 0.365608
-2.17061 2.03833 0.365608
-2.23356 1.96915 0.365608
-2.29431 1.89802 0.365608
-2.3528 1.82502 0.365608
-2.40896 1.75021 0.365608
-2.46275 1.67368 0.365608
-2.5141 1.5955 0.365608
-2.56298 1.51574 0.365608
-2.60932 1.43449 0.365608
-2.6531 1.35182 0.365608
-2.69425 1.26782 0.365608
-2.76854 1.09614 0.365608
-2.8016 1.00864 0.365608
-2.8319 0.920141 0.365608
-2.85941 0.830734 0.365608
-2.90593 0.649552 0.365608
-2.9249 0.557954 0.365608
-2.94098 0.465805 0.365608
-2.95416 0.373197 0.365608
-2.96442 0.28022 0.365608
-2.97176 0.186968 0.365608
-2.97617 0.09353 0.365608
-2.97764 3.64656e-16 0.365608
-2.97617 -0.09353 0.365608
-2.97176 -0.186968 0.365608
-2.96442 -0.28022 0.365608
-2.95416 -0.373197 0.365608
-2.94098 -0.465805 0.365608
-2.9249 -0.557954 0.365608
-2.90593 -0.649552 0.365608
-2.88409 -0.740508 0.365608
-2.85941 -0.830734 0.365608
-2.8319 -0.920141 0.365608
-2.8016 -1.00864 0.365608
-2.76854 -1.09614 0.365608
-2.73274 -1.18256 0.365608
-2.69425 -1.26782 0.365608
-2.6531 -1.35182 0.365608
-2.60932 -1.43449 0.365608
-2.56298 -1.51574 0.365608
-2.5141 -1.5955 0.365608
-2.46275 -1.67368 0.365608
-2.46275 -1.67368 0.365608
-2.40896 -1.75021 0.365608
-2.3528 -1.82502 0.365608
-2.29431 -1.89802 0.365608
-2.23356 -1.96915 0.365608
-2.17061 -2.03833 0.365608
-2.10551 -2.10551 0.365608
-2.03833 -2.17061 0.365608
-1.96915 -2.23356 0.365608
-1.89802 -2.29431 0.365608
-1.82502 -2.3528 0.365608
-1.75021 -2.40896 0.365608
-1.67368 -2.46275 0.365608
-1.51574 -2.56298 0.365608
-1.43449 -2.60932 0.365608
-1.35182 -2.6531 0.365608
-1.18256 -2.73274 0.365608
-1.09614 -2.76854 0.365608
-1.00864 -2.8016 0.365608
-0.920141 -2.8319 0.365608
-0.740508 -2.88409 0.365608
-0.649552 -2.90593 0.365608
-0.557953 -2.9249 0.365608
-0.465805 -2.94098 0.365608
-0.373198 -2.95416 0.365608
-0.28022 -2.96442 0.365608
-0.186968 -2.97176 0.365608
-0.0935292 -2.97617 0.365608
-5.46983e-16 -2.97764 0.365608
0.0935292 -2.97617 0.365608
0.186968 -2.97176 0.365608
0.28022 -2.96442 0.365608
0.373198 -2.95416 0.365608
0.465805 -2.94098 0.365608
0.557953 -2.9249 0.365608
0.649552 -2.90593 0.365608
0.740508 -2.88409 0.365608
0.830735 -2.85941 0.365608
0.920141 -2.8319 0.365608
1.00864 -2.8016 0.365608
1.09614 -2.76854 0.365608
1.18256 -2.73274 0.365608
1.26782 -2.69425 0.365608
1.35182 -2.6531 0.365608
1.43449 -2.60932 0.365608
1.51574 -2.56298 0.365608
1.5955 -2.5141 0.365608
1.67368 -2.46275 0.365608
1.75021 -2.40896 0.365608
1.75021 -2.40896 0.365608
1.82502 -2.3528 0.365608
1.89802 -2.29431 0.365608
1.96915 -2.23356 0.365608
2.03833 -2.1706 0.365608
2.10551 -2.10551 0.365608
2.1706 -2.03833 0.365608
2.23356 -1.96915 0.365608
2.29431 -1.89802 0.365608
2.3528 -1.82502 0.365608
2.40896 -1.75021 0.365608
2.5141 -1.5955 0.365608
2.56298 -1.51574 0.365608
2.60932 -1.43449 0.365608
2.69425 -1.26782 0.365608
2.73274 -1.18256 0.365608
2.76854 -1.09614 0.365608
2.8016 -1.00864 0.365608
2.8319 -0.920141 0.365608
2.85941 -0.830735 0.365608
2.88409 -0.740508 0.365608
2.90593 -0.649552 0.365608
2.9249 -0.557953 0.365608
2.94098 -0.465805 0.365608
2.95416 -0.373198 0.365608
2.96442 -0.28022 0.365608
2.97176 -0.186968 0.365608
2.97617 -0.0935292 0.365608
2.97764 -7.29311e-16 0.365608
2.97764 -7.29311e-16 0.365608
2.96934 0.0933152 0.417519
2.96494 0.186538 0.417519
2.95762 0.279577 0.417519
2.94738 0.372341 0.417519
2.93423 0.464736 0.417519
2.91818 0.556673 0.417519
2.89926 0.648061 0.417519
2.87747 0.738809 0.417519
2.85284 0.828828 0.417519
2.8254 0.918029 0.417519
2.79517 1.00632 0.417519
2.79517 1.00632 0.417519
2.76218 1.09363 0.417519
2.72647 1.17985 0.417519
2.68806 1.26491 0.417519
2.64701 1.34872 0.417519
2.60334 1.4312 0.417519
2.5571 1.51226 0.417519
2.50833 1.59184 0.417519
2.45709 1.66984 0.417519
2.40343 1.74619 0.417519
2.3474 1.82083 0.417519
2.28904 1.89366 0.417519
2.22843 1.96463 0.417519
2.16562 2.03366 0.417519
2.10068 2.10068 0.417519
2.03366 2.16562 0.417519
1.96463 2.22843 0.417519
1.89366 2.28904 0.417519
1.74619 2.40343 0.417519
1.66984 2.45709 0.417519
1.59184 2.50833 0.417519
1.4312 2.60334 0.417519
1.34872 2.64701 0.417519
1.26491 2.68806 0.417519
1.17985 2.72647 0.417519
1.09363 2.76218 0.417519
1.00632 2.79517 0.417519
0.918029 2.8254 0.417519
0.828828 2.85284 0.417519
0.738809 2.87747 0.417519
0.648061 2.89926 0.417519
0.556673 2.91818 0.417519
0.464736 2.93423 0.417519
0.37234 2.94738 0.417519
0.279577 2.95762 0.417519
0.186538 2.96494 0.417519
0.0933154 2.96934 0.417519
0.0933154 2.96934 0.417519
1.81909e-16 2.9708 0.417519
-0.0933154 2.96934 0.417519
-0.186538 2.96494 0.417519
-0.279577 2.95762 0.417519
-0.37234 2.94738 0.417519
-0.464736 2.93423 0.417519
-0.556673 2.91818 0.417519
-0.648061 2.89926 0.417519
-0.738809 2.87747 0.417519
-0.828828 2.85284 0.417519
-0.918029 2.8254 0.417519
-1.00632 2.79517 0.417519
-1.09363 2.76218 0.417519
-1.17985 2.72647 0.417519
-1.17985 2.72647 0.417519
-1.26491 2.68806 0.417519
-1.34872 2.64701 0.417519
-1.4312 2.60334 0.417519
-1.51226 2.5571 0.417519
-1.59184 2.50833 0.417519
-1.66984 2.45709 0.417519
-1.74619 2.40343 0.417519
-1.82083 2.3474 0.417519
-1.89366 2.28904 0.417519
-1.96463 2.22843 0.417519
-2.03366 2.16562 0.417519
-2.16562 2.03366 0.417519
-2.22843 1.96463 0.417519
-2.28904 1.89366 0.417519
-2.3474 1.82083 0.417519
-2.45709 1.66984 0.417519
-2.50833 1.59184 0.417519
-2.5571 1.51226 0.417519
-2.60334 1.4312 0.417519
-2.68806 1.26491 0.417519
-2.72647 1.17985 0.417519
-2.76218 1.09363 0.417519
-2.79517 1.00632 0.417519
-2.8254 0.918029 0.417519
-2.8254 0.918029 0.417519
-2.85284 0.828828 0.417519
-2.87747 0.738809 0.417519
-2.89926 0.648061 0.417519
-2.91818 0.556673 0.417519
-2.93423 0.464736 0.417519
-2.94738 0.37234 0.417519
-2.95762 0.279577 0.417519
-2.96494 0.186539 0.417519
-2.96934 0.0933154 0.417519
-2.9708 3.63819e-16 0.417519
-2.96934 -0.0933154 0.417519
-2.96494 -0.186539 0.417519
-2.95762 -0.279577 0.417519
-2.94738 -0.37234 0.417519
-2.93423 -0.464736 0.417519
-2.91818 -0.556673 0.417519
-2.91818 -0.556673 0.417519
-2.89926 -0.648061 0.417519
-2.87747 -0.738809 0.417519
-2.85284 -0.828828 0.417519
-2.8254 -0.918029 0.417519
-2.79517 -1.00632 0.417519
-2.76218 -1.09363 0.417519
-2.72647 -1.17985 0.417519
-2.68806 -1.26491 0.417519
-2.64701 -1.34872 0.417519
-2.60334 -1.4312 0.417519
-2.5571 -1.51226 0.417519
-2.50833 -1.59184 0.417519
-2.45709 -1.66984 0.417519
-2.40343 -1.74619 0.417519
-2.3474 -1.82083 0.417519
-2.28904 -1.89366 0.417519
-2.22843 -1.96463 0.417519
-2.16562 -2.03366 0.417519
-2.03366 -2.16562 0.417519
-1.96463 -2.22843 0.417519
-1.89366 -2.28904 0.417519
-1.82083 -2.3474 0.417519
-1.66984 -2.45709 0.417519
-1.59184 -2.50833 0.417519
-1.51226 -2.5571 0.417519
-1.4312 -2.60334 0.417519
-1.34872 -2.64701 0.417519
-1.26491 -2.68806 0.417519
-1.17985 -2.72647 0.417519
-1.09363 -2.76218 0.417519
-1.00632 -2.79517 0.417519
-0.918029 -2.8254 0.417519
-0.828828 -2.85284 0.417519
-0.738809 -2.87747 0.417519
-0.738809 -2.87747 0.417519
-0.648061 -2.89926 0.417519
-0.556673 -2.91818 0.417519
-0.464736 -2.93423 0.417519
-0.372341 -2.94738 0.417519
-0.279577 -2.95762 0.417519
-0.186539 -2.96494 0.417519
-0.0933146 -2.96934 0.417519
-5.45728e-16 -2.9708 0.417519
0.0933146 -2.96934 0.417519
0.186539 -2.96494 0.417519
0.279577 -2.95762 0.417519
0.372341 -2.94738 0.417519
0.464736 -2.93423 0.417519
0.556673 -2.91818 0.417519
0.648061 -2.89926 0.417519
0.738809 -2.87747 0.417519
0.828829 -2.85284 0.417519
0.918029 -2.8254 0.417519
1.00632 -2.79517 0.417519
1.00632 -2.79517 0.417519
1.09363 -2.76218 0.417519
1.17985 -2.72647 0.417519
1.26491 -2.68806 0.417519
1.34872 -2.64701 0.417519
1.4312 -2.60334 0.417519
1.51226 -2.5571 0.417519
1.59184 -2.50833 0.417519
1.74619 -2.40343 0.417519
1.82083 -2.3474 0.417519
1.89366 -2.28904 0.417519
1.96463 -2.22843 0.417519
2.10068 -2.10068 0.417519
2.16562 -2.03366 0.417519
2.22843 -1.96463 0.417519
2.28904 -1.89366 0.417519
2.3474 -1.82083 0.417519
2.40343 -1.74619 0.417519
2.45709 -1.66984 0.417519
2.50833 -1.59184 0.417519
2.50833 -1.59184 0.417519
2.5571 -1.51226 0.417519
2.60334 -1.4312 0.417519
2.64701 -1.34872 0.417519
2.68806 -1.26491 0.417519
2.72647 -1.17985 0.417519
2.76218 -1.09363 0.417519
2.79517 -1.00632 0.417519
2.8254 -0.918029 0.417519
2.85284 -0.828829 0.417519
2.87747 -0.738809 0.417519
2.89926 -0.648061 0.417519
2.91818 -0.556673 0.417519
2.93423 -0.464736 0.417519
2.94738 -0.372341 0.417519
2.95762 -0.279577 0.417519
2.96494 -0.186539 0.417519
2.96934 -0.0933146 0.417519
2.9708 -7.27637e-16 0.417519
2.9616 0.0930721 0.469303
2.95722 0.186052 0.469303
2.94991 0.278849 0.469303
2.9397 0.371371 0.469303
2.92658 0.463526 0.469303
2.91058 0.555223 0.469303
2.8917 0.646373 0.469303
2.86997 0.736884 0.469303
2.84541 0.826669 0.469303
2.81804 0.915637 0.469303
2.78789 1.0037 0.469303
2.75499 1.09078 0.469303
2.68106 1.26161 0.469303
2.64011 1.3452 0.469303
2.59655 1.42747 0.469303
2.5018 1.58769 0.469303
2.45069 1.66549 0.469303
2.39717 1.74165 0.469303
2.28308 1.88873 0.469303
2.22263 1.95951 0.469303
2.15998 2.02836 0.469303
2.0952 2.0952 0.469303
2.02836 2.15998 0.469303
1.95951 2.22263 0.469303
1.88873 2.28308 0.469303
1.81608 2.34128 0.469303
1.74165 2.39717 0.469303
1.66549 2.45069 0.469303
1.58769 2.5018 0.469303
1.50832 2.55043 0.469303
1.42747 2.59655 0.469303
1.3452 2.64011 0.469303
1.26161 2.68106 0.469303
1.17678 2.71937 0.469303
1.09078 2.75499 0.469303
1.0037 2.78789 0.469303
1.0037 2.78789 0.469303
0.915637 2.81804 0.469303
0.826669 2.84541 0.469303
0.736884 2.86997 0.469303
0.646373 2.8917 0.469303
0.555223 2.91058 0.469303
0.463526 2.92658 0.469303
0.37137 2.9397 0.469303
0.278849 2.94991 0.469303
0.186052 2.95722 0.469303
0.0930723 2.9616 0.469303
1.81435e-16 2.96306 0.469303
-0.0930723 2.9616 0.469303
-0.186052 2.95722 0.469303
-0.278849 2.94991 0.469303
-0.37137 2.9397 0.469303
-0.463526 2.92658 0.469303
-0.555223 2.91058 0.469303
-0.646373 2.8917 0.469303
-0.646373 2.8917 0.469303
-0.736884 2.86997 0.469303
-0.915637 2.81804 0.469303
-1.0037 2.78789 0.469303
-1.09078 2.75499 0.469303
-1.17678 2.71937 0.469303
-1.3452 2.64011 0.469303
-1.42747 2.59655 0.469303
-1.50832 2.55043 0.469303
-1.58769 2.5018 0.469303
-1.74165 2.39717 0.469303
-1.81608 2.34128 0.469303
-1.88873 2.28308 0.469303
-1.95951 2.22263 0.469303
-2.02836 2.15998 0.469303
-2.0952 2.0952 0.469303
-2.15998 2.02836 0.469303
-2.22263 1.95951 0.469303
-2.28308 1.88873 0.469303
-2.34128 1.81608 0.469303
-2.34128 1.81608 0.469303
-2.39717 1.74165 0.469303
-2.45069 1.66549 0.469303
-2.5018 1.58769 0.469303
-2.55043 1.50832 0.469303
-2.59655 1.42747 0.469303
-2.64011 1.3452 0.469303
-2.68106 1.26161 0.469303
-2.71937 1.17677 0.469303
-2.75499 1.09078 0.469303
-2.78789 1.0037 0.469303
-2.81804 0.915637 0.469303
-2.81804 0.915637 0.469303
-2.84541 0.826669 0.469303
-2.86997 0.736884 0.469303
-2.8917 0.646373 0.469303
-2.91058 0.555223 0.469303
-2.92658 0.463526 0.469303
-2.9397 0.37137 0.469303
-2.94991 0.278849 0.469303
-2.95722 0.186053 0.469303
-2.9616 0.0930723 0.469303
-2.96306 3.62871e-16 0.469303
-2.9616 -0.0930723 0.469303
-2.95722 -0.186053 0.469303
-2.94991 -0.278849 0.469303
-2.9397 -0.37137 0.469303
-2.92658 -0.463526 0.469303
-2.91058 -0.555223 0.469303
-2.8917 -0.646373 0.469303
-2.86997 -0.736884 0.469303
-2.81804 -0.915637 0.469303
-2.78789 -1.0037 0.469303
-2.75499 -1.09078 0.469303
-2.71937 -1.17677 0.469303
-2.64011 -1.3452 0.469303
-2.59655 -1.42747 0.469303
-2.55043 -1.50832 0.469303
-2.45069 -1.66549 0.469303
-2.39717 -1.74165 0.469303
-2.34128 -1.81608 0.469303
-2.28308 -1.88873 0.469303
-2.22263 -1.95951 0.469303
-2.22263 -1.95951 0.469303
-2.15998 -2.02836 0.469303
-2.0952 -2.0952 0.469303
-2.02836 -2.15998 0.469303
-1.95951 -2.22263 0.469303
-1.88873 -2.28308 0.469303
-1.81608 -2.34128 0.469303
-1.74165 -2.39717 0.469303
-1.66549 -2.45069 0.469303
-1.58769 -2.5018 0.469303
-1.58769 -2.5018 0.469303
-1.50832 -2.55043 0.469303
-1.42747 -2.59655 0.469303
-1.3452 -2.64011 0.469303
-1.26161 -2.68106 0.469303
-1.17677 -2.71937 0.469303
-1.09078 -2.75499 0.469303
-1.0037 -2.78789 0.469303
-0.915637 -2.81804 0.469303
-0.826669 -2.84541 0.469303
-0.736884 -2.86997 0.469303
-0.646373 -2.8917 0.469303
-0.555222 -2.91058 0.469303
-0.463526 -2.92658 0.469303
-0.371371 -2.9397 0.469303
-0.278849 -2.94991 0.469303
-0.186053 -2.95722 0.469303
-0.186053 -2.95722 0.469303
-0.0930715 -2.9616 0.469303
-5.44306e-16 -2.96306 0.469303
0.0930715 -2.9616 0.469303
0.186053 -2.95722 0.469303
0.278849 -2.94991 0.469303
0.463526 -2.92658 0.469303
0.555222 -2.91058 0.469303
0.646373 -2.8917 0.469303
0.736884 -2.86997 0.469303
0.915637 -2.81804 0.469303
1.0037 -2.78789 0.469303
1.09078 -2.75499 0.469303
1.17677 -2.71937 0.469303
1.3452 -2.64011 0.469303
1.42747 -2.59655 0.469303
1.50832 -2.55043 0.469303
1.58769 -2.5018 0.469303
1.66549 -2.45069 0.469303
1.74165 -2.39717 0.469303
1.81608 -2.34128 0.469303
1.88873 -2.28308 0.469303
1.95951 -2.22263 0.469303
1.95951 -2.22263 0.469303
2.02836 -2.15998 0.469303
2.0952 -2.0952 0.469303
2.15998 -2.02836 0.469303
2.22263 -1.95951 0.469303
2.28308 -1.88873 0.469303
2.34128 -1.81608 0.469303
2.39717 -1.74165 0.469303
2.45069 -1.66549 0.469303
2.5018 -1.58769 0.469303
2.55043 -1.50832 0.469303
2.59655 -1.42747 0.469303
2.64011 -1.3452 0.469303
2.68106 -1.26161 0.469303
2.71937 -1.17677 0.469303
2.75499 -1.09078 0.469303
2.75499 -1.09078 0.469303
2.78789 -1.0037 0.469303
2.81804 -0.915637 0.469303
2.84541 -0.826669 0.469303
2.86997 -0.736884 0.469303
2.8917 -0.646373 0.469303
2.91058 -0.555222 0.469303
2.92658 -0.463526 0.469303
2.9397 -0.371371 0.469303
2.94991 -0.278849 0.469303
2.95722 -0.186053 0.469303
2.9616 -0.0930715 0.469303
2.96306 -7.25742e-16 0.469303
2.95297 0.0928007 0.520945
2.94859 0.18551 0.520945
2.93113 0.370287 0.520945
2.91805 0.462174 0.520945
2.90209 0.553604 0.520945
2.88327 0.644488 0.520945
2.83711 0.824258 0.520945
2.80982 0.912967 0.520945
2.77976 1.00078 0.520945
2.74695 1.0876 0.520945
2.67324 1.25793 0.520945
2.63241 1.34128 0.520945
2.58898 1.4233 0.520945
2.543 1.50392 0.520945
2.543 1.50392 0.520945
2.4945 1.58306 0.520945
2.44355 1.66063 0.520945
2.39018 1.73657 0.520945
2.33445 1.81079 0.520945
2.27642 1.88322 0.520945
2.21615 1.9538 0.520945
2.15368 2.02244 0.520945
2.08909 2.08909 0.520945
2.02244 2.15368 0.520945
2.02244 2.15368 0.520945
1.9538 2.21615 0.520945
1.88322 2.27642 0.520945
1.81079 2.33445 0.520945
1.73657 2.39018 0.520945
1.66063 2.44355 0.520945
1.58306 2.4945 0.520945
1.50392 2.543 0.520945
1.4233 2.58898 0.520945
1.34128 2.63241 0.520945
1.25793 2.67324 0.520945
1.17334 2.71144 0.520945
1.0876 2.74695 0.520945
1.00078 2.77976 0.520945
0.912967 2.80982 0.520945
0.824258 2.83711 0.520945
0.734735 2.8616 0.520945
0.644487 2.88327 0.520945
0.553604 2.90209 0.520945
0.462174 2.91805 0.520945
0.370287 2.93113 0.520945
0.370287 2.93113 0.520945
0.278036 2.94131 0.520945
0.18551 2.94859 0.520945
1.80906e-16 2.95442 0.520945
-0.0928008 2.95297 0.520945
-0.18551 2.94859 0.520945
-0.278036 2.94131 0.520945
-0.462174 2.91805 0.520945
-0.553604 2.90209 0.520945
-0.644487 2.88327 0.520945
-0.734735 2.8616 0.520945
-0.912967 2.80982 0.520945
-1.00078 2.77976 0.520945
-1.0876 2.74695 0.520945
-1.17334 2.71144 0.520945
-1.25793 2.67324 0.520945
-1.34128 2.63241 0.520945
-1.4233 2.58898 0.520945
-1.50392 2.543 0.520945
-1.58306 2.4945 0.520945
-1.66063 2.44355 0.520945
-1.73657 2.39018 0.520945
-1.73657 2.39018 0.520945
-1.81079 2.33445 0.520945
-1.88322 2.27642 0.520945
-1.95379 2.21615 0.520945
-2.02244 2.15368 0.520945
-2.08909 2.08909 0.520945
-2.15368 2.02244 0.520945
-2.21615 1.95379 0.520945
-2.27642 1.88322 0.520945
-2.33445 1.81079 0.520945
-2.39018 1.73657 0.520945
-2.39018 1.73657 0.520945
-2.44355 1.66063 0.520945
-2.4945 1.58306 0.520945
-2.543 1.50392 0.520945
-2.58898 1.4233 0.520945
-2.63241 1.34128 0.520945
-2.67324 1.25793 0.520945
-2.71144 1.17334 0.520945
-2.74695 1.0876 0.520945
-2.77976 1.00078 0.520945
-2.80982 0.912967 0.520945
-2.83711 0.824258 0.520945
-2.8616 0.734735 0.520945
-2.88327 0.644488 0.520945
-2.90209 0.553604 0.520945
-2.91805 0.462174 0.520945
-2.93113 0.370287 0.520945
-2.94131 0.278035 0.520945
-2.95297 0.0928008 0.520945
-2.95442 3.61813e-16 0.520945
-2.95297 -0.0928008 0.520945
-2.94859 -0.18551 0.520945
-2.93113 -0.370287 0.520945
-2.91805 -0.462174 0.520945
-2.90209 -0.553604 0.520945
-2.88327 -0.644488 0.520945
-2.8616 -0.734735 0.520945
-2.83711 -0.824258 0.520945
-2.80982 -0.912967 0.520945
-2.77976 -1.00078 0.520945
-2.74695 -1.0876 0.520945
-2.71144 -1.17334 0.520945
-2.67324 -1.25793 0.520945
-2.63241 -1.34128 0.520945
-2.58898 -1.4233 0.520945
-2.543 -1.50392 0.520945
-2.4945 -1.58306 0.520945
-2.44355 -1.66063 0.520945
-2.39018 -1.73657 0.520945
-2.39018 -1.73657 0.520945
-2.33445 -1.81079 0.520945
-2.27642 -1.88322 0.520945
-2.21615 -1.95379 0.520945
-2.15368 -2.02244 0.520945
-2.08909 -2.08909 0.520945
-2.02244 -2.15368 0.520945
-1.95379 -2.21615 0.520945
-1.88322 -2.27642 0.520945
-1.81079 -2.33445 0.520945
-1.73657 -2.39018 0.520945
-1.66063 -2.44355 0.520945
-1.58306 -2.4945 0.520945
-1.50392 -2.543 0.520945
-1.4233 -2.58898 0.520945
-1.34128 -2.63241 0.520945
-1.25793 -2.67324 0.520945
-1.17334 -2.71144 0.520945
-1.0876 -2.74695 0.520945
-1.00078 -2.77976 0.520945
-1.00078 -2.77976 0.520945
-0.912967 -2.80982 0.520945
-0.824258 -2.83711 0.520945
-0.734735 -2.8616 0.520945
-0.644488 -2.88327 0.520945
-0.462174 -2.91805 0.520945
-0.370288 -2.93113 0.520945
-0.278035 -2.94131 0.520945
-0.18551 -2.94859 0.520945
-5.42719e-16 -2.95442 0.520945
0.0928001 -2.95297 0.520945
0.18551 -2.94859 0.520945
0.278035 -2.94131 0.520945
0.370288 -2.93113 0.520945
0.462174 -2.91805 0.520945
0.553603 -2.90209 0.520945
0.644488 -2.88327 0.520945
0.734735 -2.8616 0.520945
0.824258 -2.83711 0.520945
0.912967 -2.80982 0.520945
1.00077 -2.77976 0.520945
1.00077 -2.77976 0.520945
1.0876 -2.74695 0.520945
1.17334 -2.71144 0.520945
1.25793 -2.67324 0.520945
1.34128 -2.63241 0.520945
1.4233 -2.58898 0.520945
1.50392 -2.543 0.520945
1.58306 -2.4945 0.520945
1.66063 -2.44355 0.520945
1.73657 -2.39018 0.520945
1.81079 -2.33445 0.520945
1.88322 -2.27642 0.520945
1.95379 -2.21615 0.520945
2.02244 -2.15368 0.520945
2.08909 -2.08909 0.520945
2.15368 -2.02244 0.520945
2.21615 -1.95379 0.520945
2.27642 -1.88322 0.520945
2.33445 -1.81079 0.520945
2.39018 -1.73657 0.520945
2.44355 -1.66063 0.520945
2.4945 -1.58306 0.520945
2.4945 -1.58306 0.520945
2.543 -1.50392 0.520945
2.58898 -1.4233 0.520945
2.63241 -1.34128 0.520945
2.67324 -1.25793 0.520945
2.74695 -1.0876 0.520945
2.77976 -1.00077 0.520945
2.80982 -0.912967 0.520945
2.83711 -0.824258 0.520945
2.88327 -0.644488 0.520945
2.90209 -0.553603 0.520945
2.91805 -0.462174 0.520945
2.93113 -0.370288 0.520945
2.94859 -0.18551 0.520945
2.95297 -0.0928001 0.520945
2.95442 -7.23625e-16 0.520945
2.94343 0.092501 0.572427
2.93907 0.184911 0.572427
2.92166 0.369092 0.572427
2.90863 0.460681 0.572427
2.89272 0.551816 0.572427
2.87396 0.642406 0.572427
2.85236 0.732362 0.572427
2.82795 0.821596 0.572427
2.80075 0.910018 0.572427
2.77078 0.997543 0.572427
2.73808 1.08408 0.572427
2.70268 1.16955 0.572427
2.70268 1.16955 0.572427
2.66461 1.25387 0.572427
2.62391 1.33695 0.572427
2.58062 1.41871 0.572427
2.53478 1.49907 0.572427
2.48645 1.57795 0.572427
2.43565 1.65527 0.572427
2.38246 1.73096 0.572427
2.32691 1.80494 0.572427
2.26907 1.87714 0.572427
2.20899 1.94749 0.572427
2.14673 2.01591 0.572427
2.08235 2.08235 0.572427
2.01591 2.14673 0.572427
1.94749 2.20899 0.572427
1.87714 2.26907 0.572427
1.80494 2.32691 0.572427
1.73096 2.38246 0.572427
1.73096 2.38246 0.572427
1.65527 2.43565 0.572427
1.57795 2.48645 0.572427
1.49907 2.53478 0.572427
1.41871 2.58062 0.572427
1.33695 2.62391 0.572427
1.25387 2.66461 0.572427
1.16955 2.70268 0.572427
1.08408 2.73808 0.572427
0.997543 2.77078 0.572427
0.910018 2.80075 0.572427
0.821596 2.82795 0.572427
0.642406 2.87396 0.572427
0.551816 2.89272 0.572427
0.460681 2.90863 0.572427
0.369091 2.92166 0.572427
0.184911 2.93907 0.572427
0.0925011 2.94343 0.572427
1.80322e-16 2.94488 0.572427
-0.0925011 2.94343 0.572427
-0.277138 2.93181 0.572427
-0.369091 2.92166 0.572427
-0.460681 2.90863 0.572427
-0.551816 2.89272 0.572427
-0.551816 2.89272 0.572427
-0.642406 2.87396 0.572427
-0.732362 2.85236 0.572427
-0.821596 2.82795 0.572427
-0.910018 2.80075 0.572427
-0.997543 2.77078 0.572427
-1.08408 2.73808 0.572427
-1.16955 2.70268 0.572427
-1.25387 2.66461 0.572427
-1.33695 2.62391 0.572427
-1.41871 2.58062 0.572427
-1.41871 2.58062 0.572427
-1.49907 2.53478 0.572427
-1.57795 2.48645 0.572427
-1.65527 2.43565 0.572427
-1.73096 2.38246 0.572427
-1.80494 2.32691 0.572427
-1.87714 2.26907 0.572427
-1.94748 2.20899 0.572427
-2.01591 2.14673 0.572427
-2.08235 2.08235 0.572427
-2.14673 2.01591 0.572427
-2.20899 1.94748 0.572427
-2.26907 1.87714 0.572427
-2.32691 1.80494 0.572427
-2.38246 1.73096 0.572427
-2.43565 1.65527 0.572427
-2.48645 1.57795 0.572427
-2.53478 1.49907 0.572427
-2.58062 1.41871 0.572427
-2.62391 1.33695 0.572427
-2.62391 1.33695 0.572427
-2.66461 1.25387 0.572427
-2.73808 1.08408 0.572427
-2.77078 0.997543 0.572427
-2.80075 0.910018 0.572427
-2.82795 0.821596 0.572427
-2.87396 0.642406 0.572427
-2.89272 0.551816 0.572427
-2.90863 0.460681 0.572427
-2.92166 0.369091 0.572427
-2.93181 0.277138 0.572427
-2.94343 0.0925011 0.572427
-2.94488 3.60644e-16 0.572427
-2.94343 -0.0925011 0.572427
-2.93907 -0.184911 0.572427
-2.93181 -0.277138 0.572427
-2.92166 -0.369091 0.572427
-2.90863 -0.460681 0.572427
-2.89272 -0.551816 0.572427
-2.89272 -0.551816 0.572427
-2.87396 -0.642406 0.572427
-2.85236 -0.732362 0.572427
-2.82795 -0.821596 0.572427
-2.80075 -0.910018 0.572427
-2.77078 -0.997543 0.572427
-2.73808 -1.08408 0.572427
-2.70268 -1.16955 0.572427
-2.66461 -1.25387 0.572427
-2.62391 -1.33695 0.572427
-2.58062 -1.41871 0.572427
-2.53478 -1.49907 0.572427
-2.48645 -1.57795 0.572427
-2.43565 -1.65527 0.572427
-2.38246 -1.73096 0.572427
-2.32691 -1.80494 0.572427
-2.26907 -1.87714 0.572427
-2.20899 -1.94748 0.572427
-2.14673 -2.01591 0.572427
-2.08235 -2.08235 0.572427
-2.01591 -2.14673 0.572427
-1.94748 -2.20899 0.572427
-1.87714 -2.26907 0.572427
-1.80494 -2.32691 0.572427
-1.73096 -2.38246 0.572427
-1.65527 -2.43565 0.572427
-1.65527 -2.43565 0.572427
-1.57795 -2.48645 0.572427
-1.49907 -2.53478 0.572427
-1.33695 -2.62391 0.572427
-1.25387 -2.66461 0.572427
-1.16955 -2.70268 0.572427
-1.08408 -2.73808 0.572427
-0.910018 -2.80075 0.572427
-0.821596 -2.82795 0.572427
-0.732362 -2.85236 0.572427
-0.642406 -2.87396 0.572427
-0.460681 -2.90863 0.572427
-0.369092 -2.92166 0.572427
-0.277138 -2.93181 0.572427
-0.184911 -2.93907 0.572427
-0.0925003 -2.94343 0.572427
-5.40966e-16 -2.94488 0.572427
0.0925003 -2.94343 0.572427
0.184911 -2.93907 0.572427
0.277138 -2.93181 0.572427
0.369092 -2.92166 0.572427
0.460681 -2.90863 0.572427
0.460681 -2.90863 0.572427
0.551815 -2.89272 0.572427
0.642406 -2.87396 0.572427
0.732362 -2.85236 0.572427
0.821596 -2.82795 0.572427
0.910018 -2.80075 0.572427
0.997542 -2.77078 0.572427
1.08408 -2.73808 0.572427
1.16955 -2.70268 0.572427
1.25387 -2.66461 0.572427
1.33695 -2.62391 0.572427
1.41871 -2.58062 0.572427
1.49907 -2.53478 0.572427
1.57795 -2.48645 0.572427
1.65527 -2.43565 0.572427
1.73096 -2.38246 0.572427
1.80494 -2.32691 0.572427
1.87714 -2.26907 0.572427
1.94748 -2.20899 0.572427
2.01591 -2.14673 0.572427
2.08235 -2.08235 0.572427
2.14673 -2.01591 0.572427
2.20899 -1.94748 0.572427
2.26907 -1.87714 0.572427
2.26907 -1.87714 0.572427
2.32691 -1.80494 0.572427
2.38246 -1.73096 0.572427
2.43565 -1.65527 0.572427
2.53478 -1.49907 0.572427
2.58062 -1.41871 0.572427
2.62391 -1.33695 0.572427
2.66461 -1.25387 0.572427
2.73808 -1.08408 0.572427
2.77078 -0.997542 0.572427
2.80075 -0.910018 0.572427
2.85236 -0.732362 0.572427
2.87396 -0.642406 0.572427
2.89272 -0.551815 0.572427
2.90863 -0.460681 0.572427
2.93181 -0.277138 0.572427
2.93181 -0.277138 0.572427
2.93907 -0.184911 0.572427
2.94343 -0.0925003 0.572427
2.94488 -7.21288e-16 0.572427
2.93299 0.0921731 0.623735
2.92865 0.184255 0.623735
2.92142 0.276155 0.623735
2.9113 0.367783 0.623735
2.89831 0.459048 0.623735
2.88247 0.54986 0.623735
2.86377 0.640129 0.623735
2.86377 0.640129 0.623735
2.84225 0.729766 0.623735
2.81793 0.818684 0.623735
2.79082 0.906793 0.623735
2.76096 0.994007 0.623735
2.72838 1.08024 0.623735
2.6931 1.16541 0.623735
2.65516 1.24943 0.623735
2.61461 1.33221 0.623735
2.57147 1.41368 0.623735
2.5258 1.49375 0.623735
2.47763 1.57235 0.623735
2.42702 1.6494 0.623735
2.37401 1.72482 0.623735
2.31866 1.79854 0.623735
2.26103 1.87048 0.623735
2.20116 1.94058 0.623735
2.13912 2.00876 0.623735
2.07496 2.07496 0.623735
2.00876 2.13912 0.623735
1.94058 2.20116 0.623735
1.87048 2.26103 0.623735
1.79854 2.31866 0.623735
1.79854 2.31866 0.623735
1.6494 2.42702 0.623735
1.57235 2.47763 0.623735
1.49375 2.5258 0.623735
1.41368 2.57147 0.623735
1.24942 2.65516 0.623735
1.16541 2.6931 0.623735
1.08024 2.72838 0.623735
0.994007 2.76096 0.623735
0.906793 2.79082 0.623735
0.818683 2.81793 0.623735
0.729766 2.84225 0.623735
0.640129 2.86377 0.623735
0.54986 2.88247 0.623735
0.459048 2.89831 0.623735
0.367783 2.9113 0.623735
0.276156 2.92142 0.623735
0.184255 2.92865 0.623735
0.0921732 2.93299 0.623735
1.79683e-16 2.93444 0.623735
-0.0921732 2.93299 0.623735
-0.184255 2.92865 0.623735
-0.184255 2.92865 0.623735
-0.276156 2.92142 0.623735
-0.367783 2.9113 0.623735
-0.459048 2.89831 0.623735
-0.54986 2.88247 0.623735
-0.640129 2.86377 0.623735
-0.729766 2.84225 0.623735
-0.818683 2.81793 0.623735
-0.906793 2.79082 0.623735
-0.994007 2.76096 0.623735
-1.08024 2.72838 0.623735
-1.16541 2.6931 0.623735
-1.24942 2.65516 0.623735
-1.33221 2.61461 0.623735
-1.41368 2.57147 0.623735
-1.49375 2.5258 0.623735
-1.57235 2.47763 0.623735
-1.6494 2.42702 0.623735
-1.72482 2.37401 0.623735
-1.79854 2.31866 0.623735
-1.87048 2.26103 0.623735
-1.87048 2.26103 0.623735
-2.00876 2.13912 0.623735
-2.07496 2.07496 0.623735
-2.13912 2.00876 0.623735
-2.20116 1.94058 0.623735
-2.31866 1.79854 0.623735
-2.37401 1.72482 0.623735
-2.42702 1.6494 0.623735
-2.47763 1.57235 0.623735
-2.57147 1.41368 0.623735
-2.61461 1.33221 0.623735
-2.65516 1.24942 0.623735
-2.6931 1.16541 0.623735
-2.72838 1.08024 0.623735
-2.76096 0.994007 0.623735
-2.79082 0.906793 0.623735
-2.81793 0.818683 0.623735
-2.81793 0.818683 0.623735
-2.84225 0.729766 0.623735
-2.86377 0.640129 0.623735
-2.88247 0.54986 0.623735
-2.89831 0.459048 0.623735
-2.9113 0.367783 0.623735
-2.92142 0.276155 0.623735
-2.92865 0.184255 0.623735
-2.93299 0.0921732 0.623735
-2.93444 3.59366e-16 0.623735
-2.93299 -0.0921732 0.623735
-2.92865 -0.184255 0.623735
-2.92142 -0.276155 0.623735
-2.9113 -0.367783 0.623735
-2.89831 -0.459048 0.623735
-2.89831 -0.459048 0.623735
-2.88247 -0.54986 0.623735
-2.86377 -0.640129 0.623735
-2.84225 -0.729766 0.623735
-2.81793 -0.818683 0.623735
-2.79082 -0.906793 0.623735
-2.76096 -0.994007 0.623735
-2.72838 -1.08024 0.623735
-2.6931 -1.16541 0.623735
-2.65516 -1.24942 0.623735
-2.61461 -1.33221 0.623735
-2.57147 -1.41368 0.623735
-2.5258 -1.49375 0.623735
-2.47763 -1.57235 0.623735
-2.42702 -1.6494 0.623735
-2.37401 -1.72482 0.623735
-2.31866 -1.79854 0.623735
-2.26103 -1.87048 0.623735
-2.20116 -1.94058 0.623735
-2.13912 -2.00876 0.623735
-2.00876 -2.13912 0.623735
-1.94058 -2.20116 0.623735
-1.87048 -2.26103 0.623735
-1.72482 -2.37401 0.623735
-1.6494 -2.42702 0.623735
-1.57235 -2.47763 0.623735
-1.49375 -2.5258 0.623735
-1.33221 -2.61461 0.623735
-1.24942 -2.65516 0.623735
-1.16541 -2.6931 0.623735
-1.08024 -2.72838 0.623735
-0.994007 -2.76096 0.623735
-0.906793 -2.79082 0.623735
-0.818683 -2.81793 0.623735
-0.818683 -2.81793 0.623735
-0.729766 -2.84225 0.623735
-0.640129 -2.86377 0.623735
-0.549859 -2.88247 0.623735
-0.459048 -2.89831 0.623735
-0.367784 -2.9113 0.623735
-0.276155 -2.92142 0.623735
-0.184255 -2.92865 0.623735
-0.0921725 -2.93299 0.623735
-5.39048e-16 -2.93444 0.623735
0.0921725 -2.93299 0.623735
0.184255 -2.92865 0.623735
0.276155 -2.92142 0.623735
0.367784 -2.9113 0.623735
0.459048 -2.89831 0.623735
0.549859 -2.88247 0.623735
0.640129 -2.86377 0.623735
0.729766 -2.84225 0.623735
0.818684 -2.81793 0.623735
0.906793 -2.79082 0.623735
0.994006 -2.76096 0.623735
1.08024 -2.72838 0.623735
1.16541 -2.6931 0.623735
1.16541 -2.6931 0.623735
1.24943 -2.65516 0.623735
1.33221 -2.61461 0.623735
1.41368 -2.57147 0.623735
1.49375 -2.5258 0.623735
1.57235 -2.47763 0.623735
1.72482 -2.37401 0.623735
1.79854 -2.31867 0.623735
1.87048 -2.26103 0.623735
1.94058 -2.20116 0.623735
2.07496 -2.07496 0.623735
2.13912 -2.00876 0.623735
2.20116 -1.94058 0.623735
2.26103 -1.87048 0.623735
2.37401 -1.72482 0.623735
2.42702 -1.6494 0.623735
2.47763 -1.57235 0.623735
2.5258 -1.49375 0.623735
2.57147 -1.41368 0.623735
2.61461 -1.33221 0.623735
2.65516 -1.24943 0.623735
2.6931 -1.16541 0.623735
2.72838 -1.08024 0.623735
2.76096 -0.994006 0.623735
2.79082 -0.906793 0.623735
2.81793 -0.818684 0.623735
2.81793 -0.818684 0.623735
2.84225 -0.729766 0.623735
2.86377 -0.640129 0.623735
2.88247 -0.549859 0.623735
2.89831 -0.459048 0.623735
2.9113 -0.367784 0.623735
2.92142 -0.276155 0.623735
2.92865 -0.184255 0.623735
2.93299 -0.0921725 0.623735
2.93444 -7.18731e-16 0.623735
2.92167 0.0918171 0.674853
2.91734 0.183544 0.674853
2.91014 0.275089 0.674853
2.90006 0.366363 0.674853
2.88712 0.457275 0.674853
2.87133 0.547736 0.674853
2.85271 0.637657 0.674853
2.83128 0.726948 0.674853
2.83128 0.726948 0.674853
2.80704 0.815522 0.674853
2.78004 0.903291 0.674853
2.7503 0.990168 0.674853
2.71784 1.07607 0.674853
2.6827 1.16091 0.674853
2.64491 1.2446 0.674853
2.60451 1.32706 0.674853
2.56154 1.40822 0.674853
2.51604 1.48798 0.674853
2.41765 1.64303 0.674853
2.36485 1.71816 0.674853
2.30971 1.79159 0.674853
2.2523 1.86326 0.674853
2.13086 2.00101 0.674853
2.06695 2.06695 0.674853
2.00101 2.13086 0.674853
1.93309 2.19266 0.674853
1.79159 2.30971 0.674853
1.71816 2.36485 0.674853
1.64303 2.41765 0.674853
1.56628 2.46806 0.674853
1.48798 2.51604 0.674853
1.48798 2.51604 0.674853
1.40822 2.56154 0.674853
1.32706 2.60451 0.674853
1.2446 2.64491 0.674853
1.16091 2.6827 0.674853
1.07607 2.71784 0.674853
0.990168 2.7503 0.674853
0.903291 2.78004 0.674853
0.815522 2.80704 0.674853
0.726948 2.83128 0.674853
0.726948 2.83128 0.674853
0.637657 2.85271 0.674853
0.547736 2.87133 0.674853
0.457275 2.88712 0.674853
0.366363 2.90006 0.674853
0.275089 2.91014 0.674853
0.183544 2.91734 0.674853
0.0918173 2.92167 0.674853
1.78989e-16 2.92311 0.674853
-0.0918173 2.92167 0.674853
-0.183544 2.91734 0.674853
-0.275089 2.91014 0.674853
-0.366363 2.90006 0.674853
-0.457275 2.88712 0.674853
-0.547736 2.87133 0.674853
-0.637657 2.85271 0.674853
-0.726948 2.83128 0.674853
-0.815522 2.80704 0.674853
-0.815522 2.80704 0.674853
-0.903291 2.78004 0.674853
-0.990168 2.7503 0.674853
-1.07607 2.71784 0.674853
-1.16091 2.6827 0.674853
-1.32706 2.60451 0.674853
-1.40822 2.56154 0.674853
-1.48798 2.51604 0.674853
-1.56628 2.46806 0.674853
-1.71816 2.36485 0.674853
-1.79159 2.30971 0.674853
-1.86326 2.2523 0.674853
-1.93309 2.19266 0.674853
-2.06695 2.06695 0.674853
-2.13086 2.00101 0.674853
-2.19266 1.93309 0.674853
-2.2523 1.86326 0.674853
-2.30971 1.79159 0.674853
-2.36485 1.71816 0.674853
-2.41765 1.64303 0.674853
-2.46806 1.56628 0.674853
-2.46806 1.56628 0.674853
-2.51604 1.48798 0.674853
-2.56154 1.40822 0.674853
-2.60451 1.32706 0.674853
-2.64491 1.2446 0.674853
-2.6827 1.16091 0.674853
-2.71784 1.07607 0.674853
-2.7503 0.990168 0.674853
-2.78004 0.903291 0.674853
-2.80704 0.815522 0.674853
-2.83128 0.726948 0.674853
-2.85271 0.637657 0.674853
-2.87133 0.547736 0.674853
-2.88712 0.457275 0.674853
-2.90006 0.366363 0.674853
-2.90006 0.366363 0.674853
-2.91014 0.275089 0.674853
-2.91734 0.183544 0.674853
-2.92167 0.0918173 0.674853
-2.92311 3.57978e-16 0.674853
-2.92167 -0.0918173 0.674853
-2.91734 -0.183544 0.674853
-2.91014 -0.275089 0.674853
-2.90006 -0.366363 0.674853
-2.88712 -0.457275 0.674853
-2.87133 -0.547736 0.674853
-2.85271 -0.637657 0.674853
-2.83128 -0.726948 0.674853
-2.80704 -0.815522 0.674853
-2.78004 -0.903291 0.674853
-2.7503 -0.990168 0.674853
-2.71784 -1.07607 0.674853
-2.6827 -1.16091 0.674853
-2.60451 -1.32706 0.674853
-2.56154 -1.40822 0.674853
-2.51604 -1.48798 0.674853
-2.46806 -1.56628 0.674853
-2.36485 -1.71816 0.674853
-2.30971 -1.79159 0.674853
-2.2523 -1.86326 0.674853
-2.13086 -2.00101 0.674853
-2.06695 -2.06695 0.674853
-2.00101 -2.13086 0.674853
-1.93309 -2.19266 0.674853
-1.86326 -2.2523 0.674853
-1.86326 -2.2523 0.674853
-1.79159 -2.30971 0.674853
-1.71816 -2.36485 0.674853
-1.64303 -2.41765 0.674853
-1.56628 -2.46806 0.674853
-1.48798 -2.51604 0.674853
-1.40822 -2.56154 0.674853
-1.32706 -2.60451 0.674853
-1.2446 -2.64491 0.674853
-1.16091 -2.6827 0.674853
-1.07607 -2.71784 0.674853
-0.990168 -2.7503 0.674853
-0.903291 -2.78004 0.674853
-0.903291 -2.78004 0.674853
-0.815522 -2.80704 0.674853
-0.726948 -2.83128 0.674853
-0.637657 -2.85271 0.674853
-0.547736 -2.87133 0.674853
-0.457275 -2.88712 0.674853
-0.366363 -2.90006 0.674853
-0.275089 -2.91014 0.674853
-0.183544 -2.91734 0.674853
-0.0918165 -2.92167 0.674853
-5.36967e-16 -2.92311 0.674853
0.0918165 -2.92167 0.674853
0.183544 -2.91734 0.674853
0.275089 -2.91014 0.674853
0.366363 -2.90006 0.674853
0.457275 -2.88712 0.674853
0.547736 -2.87133 0.674853
0.637657 -2.85271 0.674853
0.726948 -2.83128 0.674853
0.815522 -2.80704 0.674853
0.903291 -2.78004 0.674853
0.990168 -2.7503 0.674853
1.16091 -2.6827 0.674853
1.2446 -2.64491 0.674853
1.32706 -2.60451 0.674853
1.40822 -2.56154 0.674853
1.56628 -2.46806 0.674853
1.64303 -2.41765 0.674853
1.79159 -2.30971 0.674853
1.86326 -2.2523 0.674853
1.93309 -2.19266 0.674853
2.00101 -2.13086 0.674853
2.06695 -2.06695 0.674853
2.13086 -2.00101 0.674853
2.19266 -1.93309 0.674853
2.2523 -1.86326 0.674853
2.30971 -1.79159 0.674853
2.36485 -1.71816 0.674853
2.41765 -1.64303 0.674853
2.46806 -1.56628 0.674853
2.51604 -1.48798 0.674853
2.56154 -1.40822 0.674853
2.60451 -1.32706 0.674853
2.64491 -1.2446 0.674853
2.6827 -1.16091 0.674853
2.71784 -1.07607 0.674853
2.7503 -0.990168 0.674853
2.78004 -0.903291 0.674853
2.80704 -0.815522 0.674853
2.83128 -0.726948 0.674853
2.85271 -0.637657 0.674853
2.85271 -0.637657 0.674853
2.87133 -0.547736 0.674853
2.88712 -0.457275 0.674853
2.90006 -0.366363 0.674853
2.91014 -0.275089 0.674853
2.91734 -0.183544 0.674853
2.92167 -0.0918165 0.674853
2.92311 -7.15955e-16 0.674853
2.90945 0.0914332 0.725766
2.90514 0.182776 0.725766
2.89797 0.273939 0.725766
2.88793 0.364831 0.725766
2.87505 0.455363 0.725766
2.85933 0.545446 0.725766
2.84078 0.63499 0.725766
2.81944 0.723908 0.725766
2.79531 0.812112 0.725766
2.76842 0.899514 0.725766
2.70647 1.07157 0.725766
2.67148 1.15605 0.725766
2.63385 1.2394 0.725766
2.55083 1.40233 0.725766
2.50552 1.48176 0.725766
2.45774 1.55973 0.725766
2.40754 1.63616 0.725766
2.35496 1.71098 0.725766
2.30005 1.7841 0.725766
2.24288 1.85547 0.725766
2.18349 1.925 0.725766
2.12195 1.99264 0.725766
2.05831 2.05831 0.725766
1.99264 2.12195 0.725766
1.99264 2.12195 0.725766
1.925 2.18349 0.725766
1.85547 2.24288 0.725766
1.7841 2.30005 0.725766
1.71098 2.35496 0.725766
1.63616 2.40754 0.725766
1.55973 2.45774 0.725766
1.48176 2.50552 0.725766
1.40233 2.55083 0.725766
1.32152 2.59362 0.725766
1.2394 2.63385 0.725766
1.15605 2.67148 0.725766
1.07157 2.70647 0.725766
0.986028 2.7388 0.725766
0.986028 2.7388 0.725766
0.899514 2.76842 0.725766
0.812111 2.79531 0.725766
0.723908 2.81944 0.725766
0.63499 2.84078 0.725766
0.545446 2.85933 0.725766
0.455363 2.87505 0.725766
0.364831 2.88793 0.725766
0.273939 2.89797 0.725766
0.182776 2.90514 0.725766
0.0914333 2.90945 0.725766
1.7824e-16 2.91089 0.725766
-0.0914333 2.90945 0.725766
-0.182776 2.90514 0.725766
-0.273939 2.89797 0.725766
-0.364831 2.88793 0.725766
-0.455363 2.87505 0.725766
-0.545446 2.85933 0.725766
-0.723908 2.81944 0.725766
-0.812111 2.79531 0.725766
-0.899514 2.76842 0.725766
-1.07157 2.70647 0.725766
-1.15605 2.67148 0.725766
-1.2394 2.63385 0.725766
-1.32152 2.59362 0.725766
-1.40233 2.55083 0.725766
-1.55973 2.45774 0.725766
-1.63616 2.40754 0.725766
-1.71098 2.35496 0.725766
-1.7841 2.30005 0.725766
-1.85547 2.24288 0.725766
-1.85547 2.24288 0.725766
-1.925 2.18349 0.725766
-1.99264 2.12195 0.725766
-2.05831 2.05831 0.725766
-2.12195 1.99264 0.725766
-2.18349 1.925 0.725766
-2.24288 1.85547 0.725766
-2.30005 1.7841 0.725766
-2.35496 1.71098 0.725766
-2.40754 1.63616 0.725766
-2.45774 1.55973 0.725766
-2.50552 1.48176 0.725766
-2.55083 1.40233 0.725766
-2.59362 1.32152 0.725766
-2.63385 1.2394 0.725766
-2.67148 1.15605 0.725766
-2.67148 1.15605 0.725766
-2.70647 1.07157 0.725766
-2.7388 0.986028 0.725766
-2.76842 0.899514 0.725766
-2.79531 0.812111 0.725766
-2.81944 0.723908 0.725766
-2.84078 0.634991 0.725766
-2.85933 0.545446 0.725766
-2.87505 0.455363 0.725766
-2.88793 0.364831 0.725766
-2.89797 0.273938 0.725766
-2.90514 0.182776 0.725766
-2.90945 0.0914333 0.725766
-2.91089 3.56481e-16 0.725766
-2.90945 -0.0914333 0.725766
-2.90514 -0.182776 0.725766
-2.89797 -0.273938 0.725766
-2.88793 -0.364831 0.725766
-2.85933 -0.545446 0.725766
-2.84078 -0.634991 0.725766
-2.81944 -0.723908 0.725766
-2.76842 -0.899514 0.725766
-2.7388 -0.986028 0.725766
-2.70647 -1.07157 0.725766
-2.67148 -1.15605 0.725766
-2.59362 -1.32152 0.725766
-2.55083 -1.40233 0.725766
-2.50552 -1.48176 0.725766
-2.45774 -1.55973 0.725766
-2.40754 -1.63616 0.725766
-2.35496 -1.71098 0.725766
-2.35496 -1.71098 0.725766
-2.30005 -1.7841 0.725766
-2.24288 -1.85547 0.725766
-2.18349 -1.925 0.725766
-2.12195 -1.99264 0.725766
-2.05831 -2.05831 0.725766
-1.99264 -2.12195 0.725766
-1.925 -2.18349 0.725766
-1.85547 -2.24288 0.725766
-1.7841 -2.30005 0.725766
-1.71098 -2.35496 0.725766
-1.63616 -2.40754 0.725766
-1.55973 -2.45774 0.725766
-1.55973 -2.45774 0.725766
-1.48176 -2.50552 0.725766
-1.40233 -2.55083 0.725766
-1.32152 -2.59362 0.725766
-1.2394 -2.63385 0.725766
-1.15605 -2.67148 0.725766
-1.07157 -2.70647 0.725766
-0.986028 -2.7388 0.725766
-0.899514 -2.76842 0.725766
-0.812111 -2.79531 0.725766
-0.723908 -2.81944 0.725766
-0.634991 -2.84078 0.725766
-0.545445 -2.85933 0.725766
-0.455363 -2.87505 0.725766
-0.364832 -2.88793 0.725766
-0.273938 -2.89797 0.725766
-0.182776 -2.90514 0.725766
-0.0914326 -2.90945 0.725766
-5.34721e-16 -2.91089 0.725766
0.0914326 -2.90945 0.725766
0.182776 -2.90514 0.725766
0.273938 -2.89797 0.725766
0.455363 -2.87505 0.725766
0.545445 -2.85933 0.725766
0.634991 -2.84078 0.725766
0.723908 -2.81944 0.725766
0.899514 -2.76842 0.725766
0.899514 -2.76842 0.725766
1.07157 -2.70647 0.725766
1.15605 -2.67148 0.725766
1.2394 -2.63385 0.725766
1.32152 -2.59362 0.725766
1.40233 -2.55083 0.725766
1.48176 -2.50552 0.725766
1.55973 -2.45774 0.725766
1.55973 -2.45774 0.725766
1.63616 -2.40754 0.725766
1.71098 -2.35496 0.725766
1.7841 -2.30005 0.725766
1.85547 -2.24288 0.725766
1.925 -2.18349 0.725766
1.99264 -2.12194 0.725766
2.05831 -2.05831 0.725766
2.12194 -1.99264 0.725766
2.18349 -1.925 0.725766
2.24288 -1.85547 0.725766
2.30005 -1.7841 0.725766
2.35496 -1.71098 0.725766
2.40754 -1.63616 0.725766
2.45774 -1.55973 0.725766
2.50552 -1.48176 0.725766
2.55083 -1.40233 0.725766
2.55083 -1.40233 0.725766
2.59362 -1.32152 0.725766
2.63385 -1.2394 0.725766
2.67148 -1.15605 0.725766
2.70647 -1.07157 0.725766
2.7388 -0.986027 0.725766
2.76842 -0.899514 0.725766
2.79531 -0.812112 0.725766
2.81944 -0.723908 0.725766
2.84078 -0.634991 0.725766
2.85933 -0.545445 0.725766
2.87505 -0.455363 0.725766
2.88793 -0.364832 0.725766
2.89797 -0.273938 0.725766
2.90514 -0.182776 0.725766
2.90945 -0.0914326 0.725766
2.89635 0.0910214 0.776457
2.89206 0.181953 0.776457
2.88492 0.272705 0.776457
2.87493 0.363188 0.776457
2.84645 0.542989 0.776457
2.84645 0.542989 0.776457
2.80674 0.720648 0.776457
2.78272 0.808454 0.776457
2.75595 0.895463 0.776457
2.72646 0.981587 0.776457
2.69429 1.06674 0.776457
2.65945 1.15085 0.776457
2.62199 1.23381 0.776457
2.58194 1.31556 0.776457
2.53934 1.39601 0.776457
2.49424 1.47509 0.776457
2.44667 1.55271 0.776457
2.3967 1.62879 0.776457
2.3967 1.62879 0.776457
2.34435 1.70327 0.776457
2.28969 1.77607 0.776457
2.23278 1.84711 0.776457
2.17365 1.91633 0.776457
2.11239 1.98367 0.776457
2.04904 2.04904 0.776457
1.98367 2.11239 0.776457
1.91633 2.17365 0.776457
1.84711 2.23278 0.776457
1.77607 2.28969 0.776457
1.70327 2.34435 0.776457
1.62879 2.3967 0.776457
1.55271 2.44667 0.776457
1.55271 2.44667 0.776457
1.47509 2.49424 0.776457
1.39601 2.53934 0.776457
1.31556 2.58194 0.776457
1.23381 2.62199 0.776457
1.15085 2.65945 0.776457
1.06674 2.69429 0.776457
0.981587 2.72646 0.776457
0.895463 2.75595 0.776457
0.808454 2.78272 0.776457
0.720648 2.80674 0.776457
0.632131 2.82799 0.776457
0.542989 2.84645 0.776457
0.453312 2.8621 0.776457
0.363188 2.87493 0.776457
0.181953 2.89206 0.776457
0.0910215 2.89635 0.776457
1.77438e-16 2.89778 0.776457
-0.0910215 2.89635 0.776457
-0.272705 2.88492 0.776457
-0.363188 2.87493 0.776457
-0.453312 2.8621 0.776457
-0.542989 2.84645 0.776457
-0.720648 2.80674 0.776457
-0.808454 2.78272 0.776457
-0.808454 2.78272 0.776457
-0.895463 2.75595 0.776457
-0.981587 2.72646 0.776457
-1.06674 2.69429 0.776457
-1.15085 2.65945 0.776457
-1.23381 2.62199 0.776457
-1.31556 2.58194 0.776457
-1.39602 2.53934 0.776457
-1.47509 2.49424 0.776457
-1.55271 2.44667 0.776457
-1.62879 2.3967 0.776457
-1.62879 2.3967 0.776457
-1.70327 2.34435 0.776457
-1.77607 2.28969 0.776457
-1.84711 2.23278 0.776457
-1.91633 2.17366 0.776457
-1.98367 2.11239 0.776457
-2.04904 2.04904 0.776457
-2.11239 1.98367 0.776457
-2.17366 1.91633 0.776457
-2.23278 1.84711 0.776457
-2.28969 1.77607 0.776457
-2.34435 1.70327 0.776457
-2.3967 1.62879 0.776457
-2.44667 1.55271 0.776457
-2.49424 1.47509 0.776457
-2.53934 1.39602 0.776457
-2.58194 1.31556 0.776457
-2.62199 1.23381 0.776457
-2.65945 1.15085 0.776457
-2.65945 1.15085 0.776457
-2.69429 1.06674 0.776457
-2.72646 0.981587 0.776457
-2.75595 0.895463 0.776457
-2.78272 0.808454 0.776457
-2.82799 0.632131 0.776457
-2.84645 0.542989 0.776457
-2.8621 0.453312 0.776457
-2.88492 0.272705 0.776457
-2.89206 0.181953 0.776457
-2.89635 0.0910215 0.776457
-2.89778 3.54875e-16 0.776457
-2.89206 -0.181953 0.776457
-2.88492 -0.272705 0.776457
-2.87493 -0.363188 0.776457
-2.8621 -0.453312 0.776457
-2.84645 -0.542989 0.776457
-2.82799 -0.632131 0.776457
-2.80674 -0.720648 0.776457
-2.78272 -0.808454 0.776457
-2.75595 -0.895463 0.776457
-2.72646 -0.981587 0.776457
-2.69429 -1.06674 0.776457
-2.65945 -1.15085 0.776457
-2.62199 -1.23381 0.776457
-2.62199 -1.23381 0.776457
-2.58194 -1.31556 0.776457
-2.53934 -1.39602 0.776457
-2.49424 -1.47509 0.776457
-2.44667 -1.55271 0.776457
-2.3967 -1.62879 0.776457
-2.34435 -1.70327 0.776457
-2.28969 -1.77607 0.776457
-2.23278 -1.84711 0.776457
-2.17366 -1.91633 0.776457
-2.11239 -1.98367 0.776457
-2.04904 -2.04904 0.776457
-1.98367 -2.11239 0.776457
-1.91633 -2.17366 0.776457
-1.84711 -2.23278 0.776457
-1.77607 -2.28969 0.776457
-1.77607 -2.28969 0.776457
-1.70327 -2.34435 0.776457
-1.62879 -2.3967 0.776457
-1.55271 -2.44667 0.776457
-1.47509 -2.49424 0.776457
-1.39602 -2.53934 0.776457
-1.31556 -2.58194 0.776457
-1.23381 -2.62199 0.776457
-1.15085 -2.65945 0.776457
-1.06674 -2.69429 0.776457
-0.981587 -2.72646 0.776457
-0.895463 -2.75595 0.776457
-0.720648 -2.80674 0.776457
-0.632131 -2.82799 0.776457
-0.542989 -2.84645 0.776457
-0.363188 -2.87493 0.776457
-0.272705 -2.88492 0.776457
-0.181953 -2.89206 0.776457
-0.0910208 -2.89635 0.776457
-5.32313e-16 -2.89778 0.776457
0.0910208 -2.89635 0.776457
0.181953 -2.89206 0.776457
0.272705 -2.88492 0.776457
0.363188 -2.87493 0.776457
0.453312 -2.8621 0.776457
0.542989 -2.84645 0.776457
0.632131 -2.82799 0.776457
0.720648 -2.80674 0.776457
0.720648 -2.80674 0.776457
0.808455 -2.78272 0.776457
0.895463 -2.75595 0.776457
0.981587 -2.72646 0.776457
1.06674 -2.69429 0.776457
1.15085 -2.65945 0.776457
1.23381 -2.62199 0.776457
1.31556 -2.58194 0.776457
1.39601 -2.53934 0.776457
1.47509 -2.49424 0.776457
1.55271 -2.44667 0.776457
1.62879 -2.3967 0.776457
1.70327 -2.34435 0.776457
1.77607 -2.28969 0.776457
1.84711 -2.23278 0.776457
1.91633 -2.17366 0.776457
1.98367 -2.11239 0.776457
2.04904 -2.04904 0.776457
2.11239 -1.98367 0.776457
2.11239 -1.98367 0.776457
2.17366 -1.91633 0.776457
2.23278 -1.84711 0.776457
2.28969 -1.77607 0.776457
2.34435 -1.70327 0.776457
2.3967 -1.62879 0.776457
2.44667 -1.55271 0.776457
2.49424 -1.47509 0.776457
2.58194 -1.31556 0.776457
2.62199 -1.23381 0.776457
2.65945 -1.15085 0.776457
2.72646 -0.981587 0.776457
2.75595 -0.895463 0.776457
2.78272 -0.808455 0.776457
2.80674 -0.720648 0.776457
2.84645 -0.542989 0.776457
2.8621 -0.453312 0.776457
2.87493 -0.363188 0.776457
2.88492 -0.272705 0.776457
2.89206 -0.181953 0.776457
2.89635 -0.0910208 0.776457
2.89778 -7.09751e-16 0.776457
2.88236 0.0905819 0.826912
2.87809 0.181074 0.826912
2.87809 0.181074 0.826912
2.87099 0.271388 0.826912
2.86105 0.361434 0.826912
2.84828 0.451123 0.826912
2.83271 0.540367 0.826912
2.81433 0.629078 0.826912
2.79319 0.717168 0.826912
2.76928 0.80455 0.826912
2.74264 0.891139 0.826912
2.7133 0.976847 0.826912
2.7133 0.976847 0.826912
2.68128 1.06159 0.826912
2.64661 1.14529 0.826912
2.60933 1.22786 0.826912
2.56947 1.30921 0.826912
2.52708 1.38927 0.826912
2.48219 1.46797 0.826912
2.43486 1.54521 0.826912
2.38512 1.62093 0.826912
2.33303 1.69505 0.826912
2.27864 1.76749 0.826912
2.22199 1.83819 0.826912
2.16316 1.90708 0.826912
2.10219 1.97409 0.826912
2.03914 2.03914 0.826912
1.97409 2.10219 0.826912
1.90708 2.16316 0.826912
1.83819 2.22199 0.826912
1.76749 2.27864 0.826912
1.69505 2.33303 0.826912
1.62093 2.38512 0.826912
1.54521 2.43486 0.826912
1.46797 2.4822 0.826912
1.30921 2.56947 0.826912
1.22786 2.60933 0.826912
1.14529 2.64661 0.826912
1.06159 2.68128 0.826912
0.891139 2.74264 0.826912
0.80455 2.76928 0.826912
0.717168 2.79319 0.826912
0.629078 2.81433 0.826912
0.451123 2.84828 0.826912
0.361434 2.86105 0.826912
0.361434 2.86105 0.826912
0.271388 2.87099 0.826912
0.181074 2.87809 0.826912
0.090582 2.88236 0.826912
1.76581e-16 2.88379 0.826912
-0.090582 2.88236 0.826912
-0.181074 2.87809 0.826912
-0.271388 2.87099 0.826912
-0.361434 2.86105 0.826912
-0.451123 2.84828 0.826912
-0.540368 2.83271 0.826912
-0.629078 2.81433 0.826912
-0.717168 2.79319 0.826912
-0.80455 2.76928 0.826912
-0.891139 2.74264 0.826912
-0.891139 2.74264 0.826912
-0.976848 2.7133 0.826912
-1.06159 2.68128 0.826912
-1.14529 2.64661 0.826912
-1.22786 2.60933 0.826912
-1.30921 2.56947 0.826912
-1.38927 2.52708 0.826912
-1.46797 2.4822 0.826912
-1.54521 2.43486 0.826912
-1.62093 2.38512 0.826912
-1.69505 2.33303 0.826912
-1.76749 2.27864 0.826912
-1.83819 2.22199 0.826912
-1.90708 2.16316 0.826912
-1.97409 2.10219 0.826912
-2.03914 2.03914 0.826912
-2.10219 1.97409 0.826912
-2.16316 1.90708 0.826912
-2.22199 1.83819 0.826912
-2.27864 1.76749 0.826912
-2.33303 1.69505 0.826912
-2.38512 1.62093 0.826912
-2.48219 1.46797 0.826912
-2.52708 1.38927 0.826912
-2.56947 1.30921 0.826912
-2.60933 1.22786 0.826912
-2.68128 1.06159 0.826912
-2.7133 0.976848 0.826912
-2.74264 0.891139 0.826912
-2.76928 0.80455 0.826912
-2.81433 0.629079 0.826912
-2.83271 0.540368 0.826912
-2.83271 0.540368 0.826912
-2.84828 0.451123 0.826912
-2.86105 0.361434 0.826912
-2.87099 0.271388 0.826912
-2.87809 0.181075 0.826912
-2.88236 0.090582 0.826912
-2.88379 3.53162e-16 0.826912
-2.88236 -0.090582 0.826912
-2.87809 -0.181075 0.826912
-2.87099 -0.271388 0.826912
-2.86105 -0.361434 0.826912
-2.84828 -0.451123 0.826912
-2.83271 -0.540368 0.826912
-2.81433 -0.629079 0.826912
-2.79319 -0.717168 0.826912
-2.76928 -0.80455 0.826912
-2.74264 -0.891139 0.826912
-2.7133 -0.976848 0.826912
-2.68128 -1.06159 0.826912
-2.68128 -1.06159 0.826912
-2.64661 -1.14529 0.826912
-2.60933 -1.22786 0.826912
-2.56947 -1.30921 0.826912
-2.52708 -1.38927 0.826912
-2.48219 -1.46797 0.826912
-2.43486 -1.54521 0.826912
-2.38512 -1.62093 0.826912
-2.33303 -1.69505 0.826912
-2.27864 -1.76749 0.826912
-2.22199 -1.83819 0.826912
-2.16316 -1.90708 0.826912
-2.10219 -1.97409 0.826912
-2.03914 -2.03914 0.826912
-1.97409 -2.10219 0.826912
-1.90708 -2.16316 0.826912
-1.83819 -2.22199 0.826912
-1.76749 -2.27864 0.826912
-1.62093 -2.38512 0.826912
-1.54521 -2.43486 0.826912
-1.46797 -2.48219 0.826912
-1.38927 -2.52708 0.826912
-1.22786 -2.60933 0.826912
-1.14529 -2.64661 0.826912
-1.06159 -2.68128 0.826912
-0.976848 -2.7133 0.826912
-0.80455 -2.76928 0.826912
-0.717168 -2.79319 0.826912
-0.629079 -2.81433 0.826912
-0.629079 -2.81433 0.826912
-0.540367 -2.83271 0.826912
-0.451123 -2.84828 0.826912
-0.361435 -2.86105 0.826912
-0.271388 -2.87099 0.826912
-0.181075 -2.87809 0.826912
-0.0905813 -2.88236 0.826912
-5.29743e-16 -2.88379 0.826912
0.0905813 -2.88236 0.826912
0.181075 -2.87809 0.826912
0.271388 -2.87099 0.826912
0.361435 -2.86105 0.826912
0.451123 -2.84828 0.826912
0.451123 -2.84828 0.826912
0.540367 -2.83271 0.826912
0.629079 -2.81433 0.826912
0.717168 -2.79319 0.826912
0.804551 -2.76928 0.826912
0.891139 -2.74264 0.826912
0.976847 -2.7133 0.826912
1.06159 -2.68128 0.826912
1.14529 -2.64661 0.826912
1.22786 -2.60933 0.826912
1.30921 -2.56947 0.826912
1.38927 -2.52708 0.826912
1.46797 -2.48219 0.826912
1.54521 -2.43486 0.826912
1.62093 -2.38512 0.826912
1.69505 -2.33303 0.826912
1.76749 -2.27864 0.826912
1.83819 -2.22199 0.826912
1.83819 -2.22199 0.826912
1.90708 -2.16316 0.826912
2.03914 -2.03914 0.826912
2.10219 -1.97409 0.826912
2.16316 -1.90708 0.826912
2.22199 -1.83819 0.826912
2.33303 -1.69505 0.826912
2.38512 -1.62093 0.826912
2.43486 -1.54521 0.826912
2.48219 -1.46797 0.826912
2.56947 -1.30921 0.826912
2.60933 -1.22786 0.826912
2.64661 -1.14529 0.826912
2.68128 -1.06159 0.826912
2.7133 -0.976847 0.826912
2.74264 -0.891139 0.826912
2.76928 -0.804551 0.826912
2.79319 -0.717168 0.826912
2.81433 -0.629079 0.826912
2.83271 -0.540367 0.826912
2.84828 -0.451123 0.826912
2.86105 -0.361435 0.826912
2.87099 -0.271388 0.826912
2.87809 -0.181075 0.826912
2.88236 -0.0905813 0.826912
2.88379 -7.06324e-16 0.826912
2.8675 0.0901148 0.877115
2.86325 0.180141 0.877115
2.85618 0.269989 0.877115
2.84629 0.35957 0.877115
2.83359 0.448797 0.877115
2.8181 0.537581 0.877115
2.79982 0.625834 0.877115
2.77878 0.71347 0.877115
2.77878 0.71347 0.877115
2.755 0.800402 0.877115
2.7285 0.886543 0.877115
2.69931 0.97181 0.877115
2.66745 1.05612 0.877115
2.63296 1.13938 0.877115
2.59587 1.22152 0.877115
2.55622 1.30246 0.877115
2.51405 1.38211 0.877115
2.4694 1.4604 0.877115
2.4223 1.53724 0.877115
2.37282 1.61257 0.877115
2.321 1.68631 0.877115
2.26689 1.75838 0.877115
2.21054 1.82871 0.877115
2.152 1.89725 0.877115
2.02863 2.02863 0.877115
1.96391 2.09135 0.877115
1.89725 2.152 0.877115
1.75838 2.26689 0.877115
1.68631 2.321 0.877115
1.61257 2.37282 0.877115
1.53724 2.4223 0.877115
1.4604 2.4694 0.877115
1.30246 2.55622 0.877115
1.22152 2.59587 0.877115
1.13938 2.63296 0.877115
1.05612 2.66745 0.877115
1.05612 2.66745 0.877115
0.97181 2.69931 0.877115
0.886543 2.7285 0.877115
0.886543 2.7285 0.877115
0.886543 2.7285 0.877115
0.886543 2.7285 0.877115
0.886543 2.7285 0.877115
0.886543 2.7285 0.877115
0.886543 2.7285 0.877115
0.886543 2.7285 0.877115
0.886543 2.7285 0.877115
0.886543 2.7285 0.877115
0.886543 2.7285 0.877115
